448, 212
445, 211
440, 210
433, 209
426, 208
418, 207
407, 207
396, 207
385, 207
374, 209
362, 210
351, 212
340, 214
327, 218
316, 224
307, 231
301, 236
295, 242
287, 251
281, 258
272, 267
264, 276
258, 284
252, 295
247, 308
243, 322
240, 336
238, 351
238, 364
238, 378
238, 391
239, 402
240, 415
241, 428
244, 442
247, 458
252, 472
257, 484
262, 496
267, 505
272, 513
279, 522
286, 531
296, 540
306, 549
318, 558
329, 565
341, 573
355, 580
368, 587
379, 592
390, 596
401, 600
414, 605
431, 610
456, 615
482, 619
510, 623
537, 627
561, 628
582, 629
603, 629
623, 626
646, 619
666, 612
678, 605
688, 595
698, 579
708, 564
715, 550
720, 538
723, 525
725, 508
726, 488
724, 471
720, 452
715, 439
708, 428
701, 417
695, 407
686, 396
677, 384
669, 374
657, 365
645, 359
632, 355
621, 353
608, 352
591, 352
570, 352
551, 352
534, 352
512, 352
483, 354
460, 360
438, 368
414, 379
389, 392
368, 407
354, 419
343, 430
335, 443
328, 461
324, 476
323, 489
323, 503
323, 517
326, 533
329, 552
335, 568
343, 583
352, 596
364, 610
381, 624
402, 638
429, 649
460, 661
491, 668
522, 672
550, 674
577, 674
598, 674
616, 671
631, 666
648, 657
662, 646
675, 631
685, 619
692, 609
698, 596
704, 578
708, 559
711, 539
712, 517
711, 491
706, 467
700, 445
692, 428
685, 413
676, 400
667, 392
657, 384
641, 378
623, 371
599, 365
568, 361
536, 358
503, 356
477, 355
450, 356
425, 359
403, 365
386, 371
373, 378
363, 388
353, 400
347, 412
343, 422
343, 429
342, 438
340, 454
340, 474
340, 499
342, 524
348, 549
354, 570
359, 585
367, 602
378, 620
388, 633
398, 645
411, 658
426, 670
444, 681
467, 692
498, 700
527, 704
563, 706
593, 706
619, 705
640, 700
655, 690
669, 678
681, 667
693, 653
704, 637
712, 623
720, 608
724, 591
728, 575
730, 559
730, 539
728, 517
721, 498
710, 479
700, 462
690, 449
680, 436
669, 422
659, 413
650, 406
638, 400
617, 392
586, 383
554, 375
525, 369
502, 364
488, 363
479, 365
464, 372
443, 384
425, 395
411, 410
399, 427
389, 448
383, 469
378, 488
377, 503
376, 520
376, 538
378, 560
382, 585
386, 604
388, 614
393, 629
402, 648
411, 663
421, 676
439, 694
464, 710
495, 721
526, 728
561, 731
598, 731
630, 724
649, 716
660, 709
673, 695
691, 678
704, 663
715, 651
722, 635
729, 604
735, 574
735, 547
733, 519
727, 491
719, 468
712, 451
703, 435
690, 420
669, 403
650, 392
630, 385
600, 380
563, 376
538, 376
524, 376
508, 380
490, 389
471, 404
452, 425
439, 443
433, 453
428, 467
423, 487
419, 505
419, 522
421, 542
426, 565
434, 590
445, 612
457, 633
470, 650
485, 667
502, 682
523, 696
549, 708
578, 716
614, 721
646, 722
673, 717
697, 708
720, 690
743, 662
758, 633
765, 603
768, 576
768, 545
762, 518
751, 490
739, 463
724, 443
705, 422
678, 399
651, 380
625, 366
593, 356
563, 351
532, 348
501, 348
473, 350
450, 356
437, 364
422, 376
410, 388
399, 403
389, 425
383, 451
380, 476
380, 506
384, 535
392, 565
404, 594
418, 619
435, 640
453, 657
473, 673
497, 688
524, 699
548, 706
577, 711
605, 712
635, 710
662, 697
685, 672
703, 648
715, 625
726, 595
736, 567
741, 540
743, 517
742, 499
740, 485
735, 475
729, 461
722, 447
708, 427
687, 406
666, 388
645, 374
621, 364
592, 358
559, 355
525, 355
489, 360
454, 369
421, 379
395, 395
385, 406
378, 419
369, 447
358, 485
353, 526
357, 564
366, 595
379, 621
395, 643
414, 660
440, 676
470, 686
506, 697
542, 705
574, 712
607, 714
639, 714
665, 707
686, 693
712, 668
731, 637
745, 605
750, 580
754, 550
754, 518
748, 487
735, 451
717, 417
697, 393
672, 374
645, 357
615, 347
586, 345
553, 345
512, 350
475, 356
438, 366
404, 376
383, 384
373, 392
365, 407
353, 430
343, 460
341, 493
343, 521
350, 551
359, 578
369, 601
384, 624
406, 649
429, 668
452, 683
478, 695
508, 705
534, 712
559, 716
586, 717
613, 716
643, 711
670, 702
693, 687
722, 659
744, 634
758, 610
766, 578
771, 545
773, 516
771, 486
764, 455
751, 427
728, 396
699, 366
666, 341
630, 323
595, 313
559, 307
529, 306
494, 306
459, 310
424, 321
394, 340
367, 363
356, 384
348, 409
341, 434
338, 461
341, 497
349, 534
357, 563
365, 587
377, 613
392, 637
409, 657
426, 674
447, 688
467, 700
487, 706
510, 708
541, 710
579, 710
623, 707
659, 698
690, 683
707, 668
713, 657
720, 641
727, 623
732, 604
737, 583
743, 558
748, 534
751, 506
752, 477
749, 447
740, 418
728, 391
709, 370
682, 351
654, 341
617, 333
569, 325
519, 321
478, 321
439, 326
408, 338
397, 347
391, 356
385, 368
375, 394
363, 430
350, 467
344, 492
342, 517
341, 546
347, 579
357, 608
370, 632
388, 656
406, 676
428, 692
451, 703
474, 709
504, 714
541, 717
578, 720
601, 720
616, 712
635, 694
654, 674
673, 654
690, 628
707, 596
719, 568
726, 547
730, 523
732, 493
731, 465
722, 440
706, 411
683, 383
656, 361
627, 345
591, 333
548, 322
502, 318
450, 317
409, 322
374, 333
345, 348
325, 366
313, 382
301, 405
288, 436
276, 475
273, 512
274, 548
282, 582
295, 619
310, 648
329, 677
351, 702
373, 720
396, 733
420, 743
446, 749
470, 752
494, 752
525, 748
551, 738
574, 725
592, 709
608, 682
621, 652
631, 624
637, 594
640, 563
640, 525
640, 488
636, 455
627, 423
613, 397
595, 377
577, 366
552, 361
517, 358
473, 358
427, 361
390, 371
362, 386
341, 408
323, 441
309, 474
300, 510
299, 545
303, 581
313, 626
329, 664
349, 697
371, 723
395, 745
423, 757
457, 763
496, 760
533, 747
573, 726
614, 699
646, 669
666, 639
677, 603
679, 560
679, 520
672, 481
658, 442
636, 406
607, 383
572, 370
539, 365
502, 363
473, 363
440, 368
409, 380
385, 397
360, 431
331, 477
307, 515
293, 542
286, 572
285, 609
293, 652
308, 694
330, 726
353, 743
377, 755
408, 761
451, 760
497, 753
538, 742
578, 720
626, 674
665, 616
679, 565
677, 513
666, 466
653, 431
634, 402
605, 369
559, 342
504, 331
441, 328
385, 334
331, 351
301, 374
280, 407
267, 451
262, 499
262, 545
271, 588
287, 634
305, 669
328, 700
356, 725
388, 741
435, 753
483, 760
526, 760
556, 754
574, 742
592, 724
614, 696
635, 660
658, 608
667, 572
670, 534
667, 496
661, 464
651, 438
632, 413
609, 392
588, 375
558, 357
523, 342
473, 330
425, 326
383, 325
344, 328
321, 339
299, 360
276, 395
260, 434
251, 475
251, 517
257, 565
270, 606
287, 641
304, 665
323, 688
346, 710
379, 728
412, 743
446, 749
480, 750
517, 745
551, 732
580, 710
606, 677
628, 628
638, 583
639, 544
638, 503
633, 463
622, 432
605, 406
585, 387
554, 369
521, 358
479, 347
439, 339
398, 337
360, 345
326, 367
297, 400
276, 432
262, 460
255, 494
254, 533
259, 576
272, 616
288, 651
305, 679
328, 709
352, 730
381, 746
424, 755
475, 756
519, 754
560, 745
595, 727
625, 691
653, 643
674, 589
681, 535
679, 494
666, 457
646, 428
612, 396
575, 373
535, 355
491, 340
446, 334
405, 335
375, 346
348, 372
323, 409
299, 452
285, 490
278, 526
276, 567
277, 603
287, 638
308, 674
335, 707
375, 732
424, 745
479, 746
538, 741
585, 735
613, 723
628, 696
646, 644
660, 598
667, 554
668, 508
661, 464
649, 430
628, 402
598, 376
567, 359
536, 348
497, 343
444, 342
385, 346
339, 358
299, 381
270, 415
256, 453
250, 500
250, 544
260, 600
281, 652
306, 694
337, 725
375, 749
419, 763
467, 772
516, 775
553, 764
580, 739
605, 693
631, 628
648, 564
653, 509
653, 463
645, 431
638, 411
627, 399
611, 386
577, 373
521, 364
458, 362
403, 362
363, 367
347, 374
339, 388
331, 423
323, 472
314, 516
313, 554
318, 591
332, 627
348, 651
367, 672
397, 695
433, 714
482, 731
531, 736
576, 732
619, 717
660, 689
687, 652
709, 601
723, 545
724, 489
708, 435
678, 390
638, 358
591, 337
529, 324
471, 321
414, 326
365, 341
328, 366
296, 406
275, 449
260, 495
255, 530
263, 571
284, 619
317, 663
363, 703
421, 732
490, 752
558, 755
618, 742
670, 713
708, 668
735, 609
744, 549
738, 490
720, 446
692, 409
652, 377
610, 354
563, 338
515, 331
466, 330
418, 341
368, 361
324, 385
289, 415
267, 457
257, 508
257, 554
267, 600
287, 651
312, 690
353, 725
400, 740
466, 746
536, 748
596, 746
646, 727
678, 679
698, 612
705, 549
706, 496
703, 444
695, 406
683, 382
665, 363
636, 349
594, 343
530, 341
459, 347
396, 362
356, 387
326, 421
302, 474
294, 531
296, 578
308, 619
327, 659
356, 697
393, 718
442, 729
496, 736
545, 735
583, 720
619, 689
646, 637
663, 583
673, 536
675, 494
673, 460
661, 428
641, 402
617, 381
581, 365
536, 354
486, 349
433, 347
382, 355
338, 371
296, 394
259, 429
229, 477
217, 521
214, 561
214, 597
221, 626
238, 671
263, 714
295, 757
333, 792
381, 816
439, 827
494, 825
544, 810
594, 787
633, 758
660, 727
685, 676
701, 617
708, 568
705, 513
688, 460
665, 419
638, 385
604, 357
561, 335
512, 323
461, 321
416, 328
372, 348
335, 376
299, 420
271, 466
255, 508
250, 554
256, 595
271, 631
294, 672
322, 711
355, 743
394, 767
444, 780
503, 781
566, 769
637, 743
704, 702
754, 649
782, 589
789, 540
781, 486
751, 431
703, 379
636, 338
565, 309
476, 289
398, 284
344, 291
308, 311
274, 348
246, 404
230, 457
221, 500
216, 539
216, 578
226, 627
240, 669
256, 695
276, 718
299, 739
320, 755
337, 764
356, 769
359, 768
365, 768
378, 770
393, 772
412, 776
433, 778
458, 778
489, 778
513, 776
532, 774
548, 771
561, 765
573, 758
590, 744
611, 718
629, 691
646, 665
662, 637
677, 608
687, 577
699, 534
709, 486
715, 448
715, 415
710, 393
702, 379
689, 363
663, 341
623, 318
568, 300
515, 287
464, 280
416, 280
370, 284
314, 299
266, 324
229, 350
200, 382
173, 432
153, 497
145, 553
148, 610
168, 676
193, 720
228, 759
274, 792
337, 818
410, 837
482, 849
541, 849
590, 835
635, 803
677, 752
707, 700
728, 638
742, 582
747, 544
745, 509
733, 469
715, 432
689, 394
655, 359
617, 336
571, 323
525, 318
480, 317
433, 324
387, 337
341, 357
300, 377
266, 399
245, 422
230, 445
216, 477
203, 521
198, 572
197, 617
197, 671
205, 710
219, 735
241, 761
286, 787
335, 807
358, 813
358, 812
362, 809
382, 802
398, 803
406, 802
424, 807
450, 809
473, 810
488, 809
506, 808
538, 801
570, 789
592, 779
608, 768
621, 755
633, 741
647, 727
661, 712
674, 695
692, 671
707, 649
718, 627
728, 606
738, 581
748, 548
756, 510
757, 467
750, 423
734, 385
711, 356
686, 339
655, 322
612, 305
563, 291
521, 285
482, 282
446, 281
410, 288
376, 299
342, 319
304, 351
266, 386
241, 419
225, 447
216, 475
210, 499
208, 521
210, 548
213, 570
216, 585
220, 607
227, 631
238, 656
251, 679
267, 700
281, 717
292, 730
306, 741
333, 755
366, 766
398, 773
431, 777
462, 779
487, 779
514, 779
547, 777
571, 772
589, 763
611, 745
639, 719
662, 693
682, 665
702, 633
717, 598
729, 564
735, 527
736, 486
731, 449
721, 416
710, 389
692, 361
668, 333
633, 304
594, 279
555, 268
516, 265
471, 268
434, 277
391, 293
346, 316
306, 339
276, 361
256, 388
241, 420
229, 448
222, 477
222, 511
226, 545
235, 579
247, 609
260, 631
276, 652
297, 674
324, 694
355, 710
389, 726
423, 738
448, 746
469, 750
491, 751
517, 749
543, 744
569, 737
600, 726
632, 706
661, 680
683, 654
702, 623
722, 589
739, 558
752, 532
765, 506
775, 477
784, 450
789, 421
791, 385
789, 345
775, 301
755, 262
733, 228
708, 199
675, 170
640, 147
608, 134
576, 127
543, 126
503, 126
454, 132
404, 143
355, 160
318, 178
289, 201
268, 228
253, 262
241, 302
237, 345
241, 388
254, 436
277, 483
303, 522
341, 554
393, 581
445, 599
501, 613
557, 616
615, 606
668, 581
709, 551
742, 517
767, 477
796, 417
811, 356
808, 303
793, 258
768, 218
738, 184
695, 153
646, 133
585, 119
519, 113
461, 111
410, 114
372, 122
336, 132
299, 161
274, 200
258, 248
249, 307
247, 365
261, 434
288, 488
324, 529
358, 555
392, 570
431, 577
482, 584
530, 590
575, 585
625, 554
672, 507
712, 459
747, 413
774, 372
789, 328
791, 286
776, 240
739, 188
701, 154
662, 133
609, 117
548, 111
483, 117
427, 134
381, 158
343, 193
311, 232
289, 273
280, 328
280, 394
287, 452
305, 492
332, 528
370, 564
415, 591
473, 608
536, 613
592, 610
644, 592
696, 560
728, 520
748, 467
754, 407
752, 340
739, 282
717, 234
691, 195
656, 165
619, 149
572, 144
525, 143
472, 150
417, 174
374, 211
335, 264
314, 318
310, 374
316, 425
337, 482
376, 540
431, 592
497, 630
575, 651
659, 656
738, 653
802, 634
844, 590
873, 522
887, 447
888, 373
874, 315
838, 258
787, 211
737, 182
667, 161
585, 154
521, 153
467, 164
433, 180
412, 198
390, 236
369, 293
357, 344
356, 399
363, 466
381, 534
409, 590
445, 632
492, 660
551, 679
620, 679
690, 648
758, 587
816, 526
859, 479
884, 430
895, 375
893, 321
879, 283
847, 245
784, 205
705, 176
624, 154
548, 138
487, 135
451, 147
421, 178
387, 235
358, 309
347, 379
354, 440
374, 507
395, 555
413, 576
431, 590
465, 618
500, 639
542, 647
578, 647
607, 647
633, 638
659, 621
692, 601
727, 573
755, 538
781, 485
795, 424
784, 364
750, 311
718, 281
687, 262
663, 251
630, 240
590, 233
547, 231
511, 234
474, 246
427, 267
374, 304
335, 346
310, 385
300, 425
300, 460
301, 500
306, 526
307, 528
315, 528
316, 526
319, 522
319, 521
320, 518
322, 517
322, 518
324, 524
327, 530
330, 538
336, 546
342, 552
351, 561
365, 577
379, 603
380, 603
383, 608
390, 612
394, 612
410, 613
442, 612
473, 609
490, 609
499, 608
511, 604
521, 601
530, 597
542, 586
555, 570
568, 555
580, 536
586, 520
590, 505
592, 491
592, 477
589, 467
582, 459
578, 455
574, 451
568, 448
562, 444
554, 440
542, 435
527, 433
515, 432
507, 432
500, 432
489, 435
477, 440
466, 447
457, 454
451, 461
446, 470
443, 479
443, 487
442, 495
442, 504
445, 513
450, 522
457, 532
464, 540
473, 548
482, 554
492, 557
503, 558
516, 557
528, 554
538, 550
549, 543
559, 533
567, 520
573, 506
576, 491
577, 475
575, 457
570, 444
561, 433
550, 427
529, 422
502, 419
487, 418
478, 419
470, 422
459, 428
449, 434
441, 442
433, 454
428, 469
427, 482
426, 493
428, 507
431, 525
438, 541
447, 553
458, 562
474, 568
493, 571
516, 573
533, 571
543, 566
552, 556
562, 542
571, 524
578, 505
582, 490
583, 472
581, 459
574, 447
564, 437
548, 427
528, 422
510, 419
498, 419
487, 420
483, 421
478, 425
469, 432
458, 442
449, 454
444, 464
440, 477
439, 488
442, 503
448, 516
456, 527
467, 536
480, 542
499, 548
520, 550
541, 552
556, 550
567, 544
575, 537
583, 527
590, 515
594, 499
596, 480
595, 467
591, 454
582, 442
569, 432
543, 422
511, 416
493, 416
483, 420
473, 427
461, 440
448, 457
437, 477
435, 496
438, 511
447, 526
462, 544
485, 561
509, 571
529, 572
549, 566
567, 555
583, 541
596, 524
604, 507
608, 489
607, 473
601, 458
592, 447
573, 433
545, 421
519, 417
501, 416
483, 419
461, 428
442, 442
430, 458
424, 471
423, 487
428, 502
437, 519
452, 536
469, 547
489, 553
516, 555
533, 551
546, 541
558, 531
567, 516
574, 497
578, 477
577, 459
573, 445
562, 433
542, 425
514, 422
488, 420
465, 423
440, 437
421, 456
409, 478
404, 509
406, 537
416, 560
428, 573
441, 579
462, 581
487, 578
513, 571
531, 559
543, 543
552, 522
557, 501
559, 481
555, 463
548, 451
540, 443
527, 437
505, 431
476, 426
459, 426
449, 431
440, 443
428, 462
419, 486
416, 509
419, 530
428, 547
436, 560
449, 572
465, 580
488, 582
516, 578
539, 570
555, 556
566, 533
572, 506
573, 477
564, 451
548, 434
529, 424
509, 420
489, 419
470, 422
445, 430
420, 441
409, 452
404, 459
400, 469
396, 481
394, 499
399, 521
412, 546
427, 563
439, 571
452, 575
466, 576
488, 573
509, 567
525, 558
537, 545
547, 527
553, 507
556, 491
555, 471
549, 455
537, 440
519, 427
496, 417
470, 413
445, 414
430, 420
421, 428
411, 447
402, 475
399, 499
403, 522
412, 539
425, 549
443, 555
467, 556
485, 553
493, 550
501, 542
512, 531
521, 516
528, 498
532, 479
532, 456
523, 432
511, 416
494, 404
468, 398
439, 397
422, 400
407, 407
388, 423
375, 445
368, 463
365, 482
364, 501
368, 522
374, 540
390, 559
419, 571
448, 575
481, 571
504, 560
520, 541
532, 516
538, 483
536, 451
522, 425
501, 407
479, 401
462, 406
440, 420
416, 444
399, 470
393, 496
394, 522
406, 541
423, 555
450, 564
477, 569
502, 564
521, 548
536, 520
541, 487
536, 454
516, 426
492, 410
471, 407
455, 411
435, 423
413, 444
395, 473
389, 495
389, 514
398, 532
415, 546
436, 551
462, 553
487, 545
506, 530
520, 499
526, 466
526, 437
512, 411
491, 396
465, 389
437, 391
409, 403
391, 425
377, 456
371, 489
375, 518
394, 543
422, 563
453, 573
482, 574
507, 564
524, 543
530, 511
526, 477
510, 444
487, 416
460, 402
433, 399
413, 408
395, 430
383, 457
377, 486
385, 512
404, 534
433, 549
469, 555
504, 553
519, 541
527, 517
531, 484
529, 461
516, 444
494, 429
463, 420
430, 418
406, 419
392, 425
378, 441
365, 468
358, 497
360, 524
374, 544
395, 557
419, 563
454, 563
479, 552
495, 531
506, 498
507, 462
499, 432
478, 410
454, 401
424, 404
401, 421
381, 456
376, 496
392, 526
422, 545
455, 548
491, 535
511, 505
515, 464
506, 429
486, 412
458, 407
430, 420
411, 447
406, 480
417, 507
442, 524
474, 528
504, 517
525, 486
522, 440
497, 406
449, 395
404, 408
387, 442
392, 483
423, 518
465, 535
507, 534
542, 511
549, 468
523, 422
480, 399
432, 396
402, 416
390, 461
398, 505
425, 529
456, 533
495, 517
525, 481
527, 435
506, 404
467, 391
427, 399
405, 435
396, 483
405, 516
433, 535
470, 540
515, 526
541, 495
540, 450
510, 415
461, 395
401, 392
374, 416
371, 461
395, 501
433, 521
462, 524
486, 510
509, 472
515, 419
502, 387
470, 374
432, 379
397, 410
380, 468
389, 516
421, 543
460, 555
500, 552
530, 523
534, 473
505, 423
454, 395
388, 393
351, 427
347, 478
386, 530
452, 551
515, 546
554, 509
558, 456
516, 394
450, 366
384, 372
358, 413
359, 468
389, 505
422, 516
465, 509
504, 478
521, 427
508, 397
467, 383
423, 391
394, 427
381, 497
397, 540
437, 560
487, 565
530, 549
547, 505
530, 445
480, 395
400, 380
341, 396
319, 430
317, 459
322, 475
325, 488
328, 511
337, 538
348, 557
365, 576
389, 594
413, 605
435, 612
461, 615
483, 610
506, 601
528, 588
545, 571
560, 549
573, 524
578, 494
579, 456
570, 420
549, 389
522, 362
489, 334
456, 315
423, 302
387, 296
350, 295
320, 299
302, 306
289, 311
269, 322
240, 344
205, 374
180, 400
173, 422
172, 451
179, 488
191, 532
208, 569
232, 604
257, 629
283, 646
310, 658
345, 668
390, 674
428, 674
457, 667
481, 649
507, 623
532, 597
549, 567
560, 531
569, 493
572, 458
571, 425
561, 394
548, 369
530, 349
504, 327
470, 308
440, 296
409, 287
382, 283
358, 284
333, 291
305, 302
272, 317
244, 332
231, 344
218, 356
203, 373
189, 397
178, 426
175, 461
183, 495
197, 530
215, 559
236, 581
260, 601
287, 620
320, 635
352, 644
392, 648
434, 648
471, 638
500, 621
528, 591
556, 536
576, 482
579, 441
567, 399
539, 357
502, 325
472, 306
445, 296
418, 291
386, 289
351, 291
328, 299
302, 311
275, 328
255, 346
233, 372
213, 399
197, 430
192, 460
193, 493
202, 525
218, 555
243, 586
270, 613
306, 635
339, 649
367, 658
394, 660
418, 656
452, 638
489, 594
519, 539
535, 489
538, 450
538, 415
526, 381
506, 354
472, 327
424, 307
363, 294
302, 291
258, 293
237, 301
225, 312
210, 334
193, 368
179, 409
168, 450
166, 491
174, 528
190, 565
211, 598
237, 625
269, 641
307, 654
349, 659
390, 657
426, 648
458, 630
485, 603
511, 568
529, 531
538, 493
536, 452
521, 410
496, 375
467, 352
429, 333
387, 319
342, 310
309, 309
285, 317
252, 338
222, 366
200, 400
188, 439
182, 480
182, 519
186, 546
192, 561
200, 573
210, 586
221, 596
236, 609
258, 621
290, 627
327, 624
360, 618
389, 610
416, 597
440, 577
461, 552
473, 532
481, 506
486, 469
485, 425
473, 384
452, 348
428, 323
400, 306
367, 297
341, 296
318, 298
293, 308
267, 324
239, 343
220, 363
207, 390
196, 421
187, 453
183, 479
185, 507
200, 540
225, 577
252, 604
287, 623
335, 633
381, 633
423, 627
456, 616
487, 596
511, 556
522, 517
523, 486
517, 458
502, 423
480, 389
462, 366
441, 345
415, 332
386, 325
352, 325
307, 328
264, 340
231, 353
212, 373
200, 400
191, 430
187, 467
194, 513
217, 557
245, 592
280, 620
320, 640
367, 649
413, 646
445, 631
473, 605
504, 565
524, 523
528, 485
523, 447
506, 409
480, 381
444, 359
404, 345
362, 343
322, 347
281, 359
242, 378
213, 404
197, 435
192, 470
198, 509
215, 549
235, 579
265, 605
300, 618
345, 623
392, 620
432, 609
457, 582
472, 541
480, 495
479, 447
469, 405
450, 370
425, 345
394, 331
360, 327
322, 332
277, 352
240, 387
215, 431
206, 477
206, 519
221, 567
250, 613
286, 642
323, 655
366, 657
411, 650
446, 634
473, 600
489, 553
496, 501
495, 462
481, 430
456, 396
423, 377
384, 369
340, 368
298, 374
263, 390
246, 407
228, 431
216, 461
211, 493
211, 532
221, 562
243, 595
271, 626
303, 647
337, 654
383, 648
428, 636
462, 613
483, 567
488, 510
483, 463
461, 415
433, 378
405, 353
375, 346
348, 348
310, 368
267, 403
221, 452
188, 494
178, 529
183, 567
200, 599
224, 625
263, 644
322, 660
377, 663
412, 655
435, 626
454, 568
471, 505
473, 461
462, 420
436, 384
402, 364
364, 358
321, 364
273, 385
230, 415
198, 449
188, 487
192, 536
211, 582
244, 620
290, 646
346, 663
396, 668
433, 656
451, 626
460, 577
462, 518
458, 478
439, 441
419, 413
402, 398
379, 388
346, 385
302, 386
259, 399
221, 421
190, 455
178, 485
177, 521
186, 557
202, 598
230, 639
263, 662
308, 670
367, 661
419, 629
446, 600
458, 576
461, 542
465, 503
466, 472
458, 439
441, 409
419, 389
388, 376
355, 371
328, 370
303, 373
278, 384
249, 399
231, 417
223, 430
218, 440
214, 453
211, 473
211, 498
216, 521
223, 541
234, 567
247, 590
257, 602
264, 610
271, 616
278, 622
286, 628
296, 634
305, 639
314, 643
327, 649
341, 655
353, 659
365, 663
380, 667
397, 671
409, 674
421, 676
435, 677
456, 677
481, 677
507, 676
531, 671
557, 655
582, 632
602, 609
618, 581
630, 549
635, 515
634, 481
622, 449
604, 421
581, 397
552, 379
520, 368
492, 366
469, 367
442, 377
408, 394
376, 416
351, 437
336, 465
327, 505
329, 554
344, 603
366, 640
396, 670
436, 688
473, 691
519, 679
564, 658
597, 629
616, 588
623, 541
624, 492
620, 449
607, 416
582, 396
542, 384
485, 383
424, 390
387, 397
364, 405
344, 416
327, 436
319, 466
317, 502
321, 534
340, 582
368, 621
399, 645
440, 653
490, 651
543, 637
574, 619
593, 583
602, 529
598, 468
578, 418
546, 386
506, 368
464, 362
428, 362
397, 372
366, 388
329, 416
302, 451
292, 490
293, 529
307, 565
329, 596
358, 623
387, 641
422, 652
472, 654
537, 638
594, 612
639, 571
665, 525
680, 479
682, 444
669, 414
640, 387
599, 370
552, 360
502, 356
464, 356
433, 369
407, 389
380, 416
358, 452
350, 488
351, 530
361, 572
377, 607
399, 636
429, 666
471, 694
526, 720
588, 739
658, 748
721, 742
779, 715
820, 668
853, 624
873, 585
876, 542
872, 501
865, 465
854, 439
838, 417
817, 400
791, 392
750, 389
689, 393
649, 408
634, 424
618, 448
605, 484
596, 528
595, 569
605, 607
623, 641
644, 667
674, 684
721, 692
772, 692
812, 677
839, 647
864, 605
879, 550
881, 505
875, 470
860, 435
839, 409
808, 390
768, 380
729, 377
685, 375
642, 378
601, 390
567, 411
544, 440
531, 480
524, 529
526, 580
539, 627
561, 667
590, 699
627, 718
666, 723
716, 716
768, 696
810, 670
842, 636
863, 594
869, 544
864, 499
846, 462
814, 430
767, 404
720, 392
678, 389
639, 395
595, 416
555, 451
534, 490
522, 540
524, 593
542, 648
571, 694
610, 731
657, 751
708, 753
774, 734
830, 696
869, 645
883, 603
885, 558
868, 506
827, 455
779, 423
742, 408
703, 400
659, 398
617, 403
587, 415
564, 428
542, 453
523, 494
517, 541
519, 582
538, 620
572, 662
617, 690
667, 700
716, 700
752, 692
774, 679
796, 654
820, 618
838, 575
841, 530
830, 482
808, 446
778, 418
742, 403
705, 397
676, 397
645, 404
614, 416
592, 432
576, 451
560, 473
551, 491
546, 507
542, 527
540, 546
540, 560
540, 574
543, 584
546, 592
548, 598
551, 608
557, 620
564, 632
569, 640
575, 647
581, 654
585, 658
586, 659
588, 662
589, 663
592, 665
599, 671
606, 676
615, 682
622, 686
630, 688
642, 689
658, 689
677, 686
698, 679
720, 666
740, 651
753, 637
767, 617
778, 595
790, 568
798, 541
803, 508
806, 467
806, 424
806, 387
804, 353
796, 297
787, 246
783, 222
777, 198
768, 178
756, 160
740, 145
715, 128
680, 113
630, 97
571, 84
515, 76
474, 70
442, 69
407, 70
370, 78
328, 90
285, 106
239, 126
197, 146
162, 162
133, 183
106, 213
83, 244
69, 276
61, 311
57, 356
57, 402
64, 458
75, 516
88, 562
101, 598
116, 629
135, 662
156, 693
186, 729
223, 758
264, 785
314, 810
371, 829
433, 844
503, 853
571, 856
636, 848
695, 822
754, 773
807, 697
844, 629
861, 569
867, 490
863, 416
849, 354
817, 299
785, 251
754, 213
717, 174
678, 145
634, 129
582, 123
525, 122
463, 128
410, 139
359, 157
315, 179
264, 215
215, 260
191, 301
180, 339
172, 386
164, 430
160, 478
160, 519
161, 557
168, 598
178, 636
191, 673
211, 711
237, 745
262, 768
292, 789
327, 809
377, 825
436, 840
504, 852
579, 858
645, 858
733, 837
810, 785
870, 694
903, 576
913, 469
910, 389
905, 340
890, 291
868, 254
841, 222
803, 197
747, 180
648, 166
547, 159
472, 159
410, 162
364, 178
329, 213
300, 283
284, 353
278, 407
278, 458
275, 514
276, 568
285, 613
302, 652
330, 690
366, 721
402, 747
446, 771
494, 791
546, 802
599, 804
652, 795
702, 774
759, 733
818, 660
869, 567
900, 482
916, 403
910, 334
880, 272
829, 217
752, 169
664, 135
571, 117
466, 112
375, 119
316, 132
284, 152
260, 178
235, 209
202, 243
160, 292
125, 342
99, 390
87, 427
80, 464
74, 512
74, 565
88, 615
115, 663
154, 710
201, 752
258, 792
317, 818
368, 834
413, 838
472, 830
532, 816
601, 793
667, 747
725, 684
769, 634
791, 589
801, 534
810, 477
810, 423
806, 362
792, 303
772, 254
744, 217
703, 187
646, 161
584, 144
511, 134
430, 132
362, 147
297, 174
237, 211
178, 261
130, 318
88, 376
61, 433
48, 495
45, 570
60, 646
95, 724
140, 789
208, 846
303, 887
413, 912
527, 926
632, 922
718, 895
784, 850
835, 798
884, 731
922, 656
943, 576
949, 480
937, 398
910, 324
869, 258
824, 203
781, 154
738, 114
686, 76
635, 58
580, 55
510, 64
424, 85
343, 115
263, 159
197, 201
135, 247
94, 299
68, 361
53, 432
43, 493
46, 560
65, 626
94, 686
129, 737
167, 776
204, 810
261, 849
337, 878
430, 897
521, 909
612, 909
677, 894
722, 865
757, 814
801, 725
845, 648
877, 576
893, 499
903, 414
904, 360
892, 306
869, 250
843, 204
809, 165
767, 133
704, 106
644, 95
589, 92
536, 91
474, 94
421, 107
363, 127
303, 148
254, 172
216, 206
179, 246
146, 287
126, 316
117, 345
110, 389
108, 439
118, 503
135, 567
162, 625
209, 685
266, 733
327, 762
393, 785
458, 803
529, 816
594, 817
653, 802
714, 766
781, 709
846, 638
903, 553
937, 471
948, 392
937, 306
895, 216
840, 155
773, 108
706, 76
632, 52
559, 40
497, 38
430, 49
348, 77
261, 121
184, 179
123, 244
72, 319
34, 396
14, 473
10, 544
23, 619
53, 698
96, 759
162, 813
237, 856
331, 899
428, 933
517, 947
594, 947
666, 922
734, 884
811, 825
884, 727
937, 596
960, 498
962, 397
939, 306
902, 227
865, 174
819, 133
758, 101
692, 78
614, 64
532, 57
453, 60
378, 81
321, 120
274, 169
225, 237
182, 320
152, 394
120, 468
101, 544
100, 617
118, 688
143, 748
176, 801
222, 848
293, 891
380, 926
457, 944
517, 948
579, 937
643, 902
718, 837
802, 745
869, 670
908, 583
928, 482
931, 386
921, 291
897, 216
871, 160
840, 123
801, 99
757, 84
696, 75
620, 73
515, 79
409, 95
309, 124
228, 158
161, 215
111, 287
78, 361
51, 434
33, 502
20, 577
19, 644
36, 725
62, 790
100, 845
154, 889
233, 927
330, 958
428, 971
525, 965
608, 939
691, 894
767, 840
838, 781
896, 719
941, 638
966, 548
973, 449
966, 352
930, 264
869, 191
819, 148
775, 126
718, 112
646, 112
575, 126
485, 140
381, 155
273, 184
183, 230
114, 287
69, 352
44, 425
35, 501
31, 574
37, 649
61, 713
102, 775
167, 831
249, 881
342, 914
448, 927
539, 928
618, 925
687, 902
758, 851
843, 747
909, 627
950, 522
968, 443
968, 364
953, 299
926, 249
877, 200
812, 160
746, 139
649, 123
547, 111
461, 112
396, 128
340, 162
284, 214
237, 280
204, 348
189, 404
183, 457
177, 509
174, 562
178, 618
202, 687
227, 739
248, 781
274, 834
307, 886
356, 927
423, 949
520, 952
641, 930
756, 904
845, 856
916, 733
954, 588
952, 471
905, 362
868, 284
840, 233
794, 183
725, 147
644, 129
556, 124
467, 123
371, 134
279, 166
206, 209
167, 258
148, 324
140, 410
136, 474
136, 523
139, 569
141, 604
143, 634
146, 655
150, 673
160, 701
176, 731
197, 759
220, 785
247, 810
278, 836
318, 860
369, 882
445, 896
534, 901
626, 902
717, 889
784, 865
834, 816
873, 730
902, 615
916, 493
912, 379
888, 285
856, 217
816, 170
771, 138
732, 122
687, 112
630, 108
545, 104
438, 107
351, 126
275, 157
212, 199
164, 246
120, 294
73, 359
56, 427
57, 501
70, 572
95, 643
141, 723
198, 794
279, 857
369, 896
458, 923
552, 942
624, 948
679, 942
733, 901
811, 783
901, 615
964, 461
994, 333
995, 239
972, 158
926, 92
856, 49
768, 26
658, 18
526, 15
401, 15
279, 27
186, 51
118, 93
75, 149
35, 224
7, 313
0, 395
27, 636
67, 704
106, 751
158, 798
224, 840
294, 873
358, 896
425, 908
495, 903
559, 885
609, 864
650, 838
703, 794
750, 740
790, 675
820, 585
841, 493
858, 421
869, 362
870, 298
862, 246
843, 205
803, 161
737, 125
661, 103
579, 96
493, 96
414, 105
351, 118
299, 132
237, 158
180, 202
112, 271
11, 347
0, 487
3, 840
94, 887
200, 927
300, 951
367, 950
420, 937
450, 926
467, 912
484, 897
510, 886
528, 884
533, 887
532, 886
533, 886
548, 878
551, 873
550, 870
551, 869
585, 856
588, 869
587, 870
589, 871
603, 865
620, 860
643, 854
683, 842
736, 815
786, 777
832, 721
881, 641
919, 557
945, 496
959, 447
967, 400
967, 346
951, 285
932, 231
902, 168
869, 121
831, 85
793, 65
755, 57
707, 56
649, 67
576, 83
499, 105
425, 141
366, 185
318, 232
277, 286
252, 346
242, 418
241, 491
251, 563
280, 645
329, 720
383, 768
430, 797
492, 826
564, 848
644, 844
735, 820
822, 785
889, 716
936, 595
968, 459
978, 348
961, 246
914, 160
861, 106
804, 68
742, 46
675, 37
603, 40
529, 57
447, 89
375, 136
298, 203
241, 272
205, 360
196, 450
201, 531
216, 597
255, 672
312, 733
389, 783
474, 805
550, 808
624, 801
696, 774
756, 719
812, 648
863, 563
893, 488
905, 409
908, 333
895, 258
861, 180
818, 121
767, 78
714, 55
653, 48
570, 52
484, 69
408, 104
335, 156
262, 237
215, 311
186, 406
181, 504
193, 604
220, 687
269, 754
332, 800
408, 830
484, 848
567, 852
641, 841
693, 812
737, 759
791, 683
852, 575
896, 493
919, 410
926, 315
909, 239
879, 173
825, 120
746, 86
654, 66
570, 60
510, 63
463, 78
415, 113
359, 187
306, 280
260, 375
220, 465
200, 529
200, 581
219, 639
248, 690
299, 751
375, 807
462, 837
567, 843
675, 818
765, 777
847, 714
924, 623
983, 527
999, 336
960, 237
898, 158
813, 89
708, 30
596, 0
302, 44
205, 118
128, 215
71, 328
57, 442
72, 553
115, 657
169, 729
234, 781
308, 801
390, 794
475, 768
576, 735
664, 682
739, 596
791, 504
806, 434
802, 355
783, 272
747, 184
702, 118
641, 73
569, 44
479, 31
387, 37
281, 66
177, 114
105, 178
50, 264
18, 350
19, 447
49, 556
108, 667
181, 751
296, 804
408, 833
526, 839
626, 818
709, 769
774, 698
822, 627
855, 551
872, 459
874, 371
867, 315
843, 253
799, 190
734, 139
643, 102
546, 67
448, 56
351, 58
256, 74
165, 107
96, 161
68, 235
53, 316
49, 404
69, 503
116, 606
175, 677
245, 721
330, 751
435, 764
540, 771
643, 764
730, 715
791, 616
816, 512
823, 424
820, 350
804, 265
780, 197
756, 150
724, 118
677, 105
614, 102
512, 115
400, 136
285, 167
194, 208
113, 276
55, 370
43, 465
56, 559
92, 646
152, 725
227, 789
332, 853
441, 902
549, 924
647, 905
731, 842
806, 755
867, 649
895, 512
901, 401
890, 312
852, 232
803, 176
750, 143
683, 125
616, 123
535, 141
441, 177
332, 239
221, 316
130, 383
86, 451
71, 541
73, 652
95, 738
142, 803
224, 861
330, 897
456, 910
586, 892
700, 837
778, 762
826, 679
849, 597
859, 505
855, 412
836, 330
796, 261
732, 211
641, 181
553, 171
458, 167
373, 172
273, 208
172, 262
95, 326
56, 404
42, 498
35, 587
42, 664
79, 727
133, 783
198, 821
274, 837
366, 842
460, 841
555, 828
645, 792
709, 754
754, 698
789, 620
811, 534
819, 460
819, 388
804, 314
778, 261
739, 222
690, 190
633, 166
567, 158
515, 157
449, 168
389, 190
341, 227
305, 273
257, 341
220, 405
209, 455
209, 512
213, 571
227, 643
265, 693
317, 727
355, 740
393, 754
431, 769
469, 780
510, 782
564, 781
607, 771
646, 755
683, 734
723, 705
765, 663
799, 607
827, 534
844, 467
847, 397
837, 328
812, 272
779, 233
738, 206
679, 188
608, 179
535, 178
460, 187
380, 204
306, 230
252, 266
212, 312
174, 370
150, 431
135, 499
136, 576
154, 653
188, 713
234, 764
299, 812
391, 841
496, 845
589, 842
662, 817
723, 761
777, 681
823, 590
846, 500
850, 419
841, 354
820, 297
793, 251
757, 218
709, 197
653, 190
575, 189
494, 192
412, 209
347, 234
286, 265
237, 307
205, 359
182, 403
165, 446
156, 489
153, 523
151, 549
152, 576
164, 611
180, 644
189, 659
196, 669
205, 679
211, 688
217, 693
221, 699
223, 703
226, 706
228, 709
229, 710
230, 710
