352, 235
355, 241
356, 253
359, 278
364, 371
367, 519
371, 632
383, 730
392, 816
395, 866
396, 890
395, 901
394, 906
393, 908
393, 907
393, 895
393, 865
396, 778
408, 587
414, 376
409, 209
405, 93
404, 42
403, 29
403, 30
405, 47
405, 132
419, 334
453, 640
476, 848
496, 933
502, 950
503, 951
503, 952
503, 954
503, 955
503, 957
503, 958
503, 959
503, 960
503, 962
502, 963
502, 964
503, 948
514, 846
530, 616
541, 289
527, 105
525, 19
523, 0
527, 5
529, 18
531, 29
532, 41
535, 54
536, 68
538, 86
540, 106
542, 124
543, 138
544, 151
544, 167
545, 192
545, 225
544, 255
544, 278
544, 298
544, 315
546, 328
546, 347
547, 372
549, 402
552, 428
553, 449
553, 463
554, 478
554, 493
554, 508
554, 527
552, 548
550, 571
548, 594
546, 612
546, 629
544, 644
544, 657
544, 676
544, 693
544, 707
544, 718
545, 730
546, 738
547, 751
550, 776
551, 797
551, 815
552, 834
553, 852
553, 864
553, 872
553, 879
553, 889
553, 902
553, 913
552, 920
552, 924
552, 927
551, 929
551, 934
551, 940
551, 948
552, 957
552, 971
552, 981
551, 986
551, 985
550, 984
550, 983
549, 983
548, 983
548, 982
546, 981
543, 979
535, 978
522, 978
501, 975
477, 973
454, 970
436, 967
417, 965
404, 965
392, 963
377, 961
364, 961
354, 960
345, 960
330, 959
305, 960
267, 957
264, 957
261, 956
252, 955
241, 953
236, 954
229, 957
221, 958
210, 961
197, 964
183, 965
174, 965
168, 965
165, 965
159, 965
152, 964
147, 964
143, 964
139, 964
133, 964
127, 964
122, 963
117, 962
113, 961
110, 960
109, 959
108, 959
106, 958
105, 957
104, 957
103, 953
102, 945
102, 937
102, 927
104, 916
105, 903
105, 891
107, 878
110, 864
111, 850
113, 841
114, 832
115, 822
117, 812
118, 803
120, 794
122, 783
123, 770
124, 759
127, 752
127, 742
127, 733
128, 721
128, 709
128, 697
130, 684
130, 672
130, 658
131, 645
131, 629
133, 612
134, 593
135, 573
135, 553
134, 529
134, 503
132, 476
131, 454
130, 435
129, 420
129, 408
128, 396
127, 386
127, 374
126, 363
125, 350
124, 337
123, 323
123, 310
123, 296
123, 282
123, 271
123, 261
123, 253
124, 246
124, 238
124, 230
124, 221
124, 210
124, 197
124, 183
124, 170
124, 157
124, 145
124, 133
124, 124
124, 115
126, 106
126, 99
127, 94
128, 89
128, 82
128, 77
129, 70
130, 63
130, 57
130, 55
130, 53
130, 50
130, 46
130, 43
130, 42
130, 41
135, 40
146, 39
160, 37
186, 37
220, 37
253, 37
280, 37
294, 37
311, 37
336, 38
368, 38
397, 38
432, 38
467, 38
503, 39
536, 39
560, 39
574, 39
586, 38
602, 37
624, 37
649, 36
672, 36
692, 37
706, 37
716, 37
726, 37
732, 37
742, 37
751, 37
762, 37
774, 37
788, 37
801, 36
813, 36
823, 36
831, 36
837, 35
841, 35
847, 35
853, 35
858, 35
862, 35
866, 36
868, 36
869, 36
875, 37
880, 37
889, 37
896, 37
904, 35
907, 34
911, 34
912, 34
912, 38
912, 48
912, 53
912, 58
912, 65
912, 70
912, 75
912, 84
913, 102
917, 128
921, 154
926, 175
929, 193
930, 204
932, 215
933, 223
933, 232
933, 245
931, 259
931, 269
931, 274
930, 279
929, 288
928, 296
926, 302
924, 309
923, 316
923, 323
923, 328
922, 335
921, 339
921, 340
922, 340
923, 340
924, 342
924, 347
926, 353
928, 361
929, 370
932, 380
934, 387
934, 392
935, 397
936, 409
936, 424
936, 443
939, 466
940, 488
940, 504
941, 515
941, 527
941, 538
941, 553
939, 577
939, 597
940, 617
942, 632
943, 641
943, 649
944, 659
944, 668
944, 682
944, 699
944, 716
944, 730
944, 741
945, 752
945, 760
946, 771
946, 786
946, 803
946, 822
946, 837
946, 845
946, 853
946, 863
946, 877
946, 896
946, 917
946, 933
946, 943
947, 948
947, 950
947, 952
947, 955
947, 957
947, 958
946, 958
944, 958
941, 958
933, 958
926, 957
915, 955
906, 952
894, 950
882, 947
871, 946
863, 945
853, 945
842, 945
832, 945
823, 944
811, 944
797, 944
785, 944
772, 944
755, 943
738, 942
724, 941
709, 940
695, 939
682, 939
671, 938
659, 937
645, 935
634, 934
624, 934
615, 933
605, 933
595, 933
583, 933
572, 932
560, 932
550, 932
538, 932
522, 932
510, 932
499, 931
485, 931
475, 931
470, 931
461, 930
453, 929
447, 928
443, 928
434, 927
421, 926
405, 926
388, 925
367, 925
348, 924
332, 924
315, 924
299, 923
285, 922
276, 922
263, 922
253, 923
246, 924
235, 924
219, 924
205, 923
190, 922
172, 921
153, 920
142, 919
137, 919
131, 918
124, 917
118, 916
114, 916
107, 915
95, 913
83, 912
74, 911
63, 911
56, 910
54, 909
50, 909
48, 909
46, 909
44, 908
43, 907
43, 906
43, 905
42, 903
42, 901
41, 899
40, 896
40, 891
39, 885
39, 879
39, 872
39, 866
39, 859
38, 852
38, 846
38, 837
38, 827
38, 818
38, 810
38, 800
38, 787
39, 773
41, 756
41, 740
42, 724
42, 709
42, 694
41, 677
39, 658
35, 638
31, 618
26, 600
22, 584
20, 570
17, 558
15, 547
14, 538
13, 529
13, 520
13, 511
12, 500
12, 489
12, 478
12, 464
12, 450
12, 434
12, 420
11, 407
11, 395
12, 384
13, 371
14, 358
15, 345
17, 331
19, 318
21, 308
22, 297
23, 288
25, 277
26, 266
26, 254
27, 243
27, 230
28, 216
29, 200
30, 186
31, 173
31, 162
32, 151
32, 142
33, 137
33, 135
33, 133
33, 130
33, 127
33, 123
33, 119
33, 118
37, 118
42, 118
49, 118
61, 119
76, 120
97, 121
114, 122
134, 123
148, 125
156, 126
163, 127
180, 127
199, 128
218, 128
242, 127
270, 126
293, 126
312, 126
328, 126
342, 127
353, 127
370, 127
390, 128
412, 129
425, 129
439, 129
457, 129
472, 128
488, 127
509, 127
535, 127
556, 126
570, 126
589, 125
607, 124
621, 123
635, 123
647, 123
656, 123
667, 123
680, 122
697, 122
715, 123
733, 124
746, 124
760, 125
774, 126
783, 127
791, 127
803, 128
816, 128
824, 129
828, 129
832, 130
833, 130
833, 132
832, 137
831, 145
831, 155
830, 168
829, 183
829, 195
830, 208
831, 221
832, 235
835, 251
836, 264
837, 275
839, 289
841, 308
842, 329
844, 346
844, 359
846, 373
847, 389
847, 401
847, 413
847, 427
846, 446
843, 469
841, 487
840, 502
839, 519
837, 538
835, 558
835, 576
835, 591
835, 607
835, 622
834, 635
834, 650
834, 670
834, 694
834, 719
833, 743
833, 764
832, 780
832, 794
832, 807
831, 815
831, 823
831, 826
831, 831
831, 838
832, 844
832, 851
832, 859
832, 865
832, 868
832, 871
832, 874
832, 880
832, 885
832, 892
832, 901
833, 904
832, 904
831, 904
829, 904
828, 904
826, 904
822, 903
814, 903
802, 903
789, 902
774, 901
757, 900
733, 899
713, 902
696, 902
678, 901
658, 900
639, 898
622, 897
604, 895
587, 895
575, 896
562, 896
549, 896
536, 897
522, 898
504, 898
491, 899
480, 899
465, 899
447, 899
428, 899
409, 898
391, 897
373, 897
359, 897
348, 897
338, 896
328, 896
318, 897
308, 897
294, 897
280, 896
260, 896
244, 894
236, 894
233, 894
229, 894
226, 894
224, 894
222, 894
222, 893
221, 888
219, 878
217, 865
216, 849
215, 835
215, 824
215, 812
215, 797
216, 782
216, 769
216, 756
216, 739
216, 719
216, 698
216, 675
214, 655
213, 638
212, 626
212, 617
212, 608
212, 600
212, 593
212, 584
214, 571
215, 557
216, 542
219, 525
221, 510
222, 499
223, 491
223, 483
224, 473
224, 462
225, 454
225, 446
225, 435
226, 424
226, 415
226, 408
226, 399
226, 388
225, 373
225, 359
226, 348
226, 332
227, 314
228, 302
228, 291
227, 277
227, 264
226, 253
226, 245
225, 234
225, 221
225, 207
225, 197
225, 188
227, 176
229, 160
229, 149
231, 138
231, 129
232, 122
232, 114
232, 108
232, 105
234, 105
246, 106
269, 107
284, 108
304, 110
323, 110
336, 111
347, 111
367, 115
392, 117
414, 117
435, 118
458, 119
476, 120
483, 120
491, 118
502, 118
515, 118
530, 117
555, 117
585, 117
625, 117
661, 117
686, 118
702, 119
711, 120
717, 121
726, 121
741, 123
763, 125
784, 126
803, 127
820, 129
830, 130
838, 130
846, 130
857, 131
867, 131
875, 132
884, 132
891, 133
895, 134
899, 134
905, 134
908, 135
909, 135
910, 135
911, 137
912, 139
914, 144
916, 154
918, 162
920, 170
923, 182
924, 194
926, 206
926, 220
927, 235
926, 257
925, 285
925, 309
925, 333
925, 357
927, 376
928, 391
929, 406
931, 427
932, 452
934, 469
934, 483
935, 505
937, 525
938, 541
939, 556
940, 569
941, 580
943, 590
944, 605
945, 622
945, 639
944, 657
943, 672
942, 689
941, 705
941, 719
941, 731
941, 740
941, 750
941, 760
942, 771
942, 781
942, 790
942, 800
942, 811
942, 821
942, 831
942, 839
942, 847
941, 853
941, 862
941, 869
941, 874
941, 880
941, 886
940, 892
940, 897
940, 902
940, 905
939, 907
939, 910
938, 913
938, 915
937, 916
936, 917
929, 918
911, 920
880, 920
846, 918
814, 915
787, 913
766, 912
749, 912
729, 910
707, 909
681, 906
658, 904
630, 902
604, 901
582, 899
559, 897
533, 893
506, 892
483, 890
469, 889
463, 889
457, 889
443, 889
428, 888
416, 887
403, 887
388, 885
371, 884
353, 883
330, 881
305, 880
280, 879
261, 877
249, 877
238, 877
227, 876
218, 876
212, 875
205, 874
194, 873
184, 872
174, 872
166, 872
164, 872
164, 870
163, 864
163, 851
166, 829
171, 797
175, 768
182, 730
190, 690
197, 644
204, 591
210, 539
218, 500
222, 463
223, 428
224, 393
226, 355
227, 325
227, 300
225, 277
223, 259
222, 247
222, 239
222, 231
222, 224
222, 217
222, 207
223, 191
223, 176
223, 162
223, 155
222, 151
222, 149
222, 147
223, 146
227, 146
235, 145
253, 145
277, 147
296, 148
316, 149
345, 152
378, 155
416, 157
453, 160
489, 164
522, 166
551, 168
579, 169
612, 171
639, 172
669, 175
695, 176
726, 178
758, 179
795, 180
826, 181
847, 181
859, 182
869, 182
878, 182
885, 181
893, 180
898, 180
902, 180
906, 181
909, 181
911, 182
913, 182
912, 195
912, 225
913, 254
914, 280
914, 306
914, 336
912, 375
909, 412
906, 449
904, 483
904, 516
904, 543
902, 570
899, 601
899, 628
899, 653
898, 673
897, 692
897, 711
897, 730
895, 750
895, 770
895, 791
896, 803
896, 810
896, 815
895, 823
895, 831
894, 836
893, 842
891, 851
886, 858
882, 863
880, 865
880, 863
878, 861
875, 861
869, 863
851, 867
819, 874
785, 878
751, 880
718, 880
690, 880
663, 879
630, 877
600, 876
577, 875
553, 873
534, 872
518, 872
495, 872
474, 872
455, 872
438, 871
422, 871
408, 870
393, 869
375, 868
357, 868
343, 867
331, 867
318, 865
310, 865
301, 864
291, 862
279, 861
270, 860
265, 860
263, 859
261, 859
260, 859
258, 859
258, 855
257, 845
256, 826
256, 803
257, 784
258, 767
259, 753
260, 740
262, 723
264, 707
265, 689
267, 674
269, 660
272, 644
274, 626
277, 607
279, 585
280, 564
280, 546
281, 527
282, 508
283, 490
283, 474
284, 456
285, 438
286, 421
287, 404
288, 388
290, 374
291, 361
291, 350
292, 338
293, 326
293, 313
294, 301
295, 290
296, 277
296, 270
296, 264
296, 253
296, 245
297, 237
297, 230
297, 224
298, 217
299, 208
299, 206
301, 206
316, 208
345, 208
392, 208
434, 209
470, 213
500, 217
526, 220
551, 222
572, 223
594, 225
616, 226
641, 227
661, 227
679, 227
694, 227
709, 227
723, 227
735, 227
752, 228
769, 229
782, 229
793, 230
806, 231
819, 232
830, 232
839, 233
843, 233
846, 233
847, 233
848, 233
848, 235
850, 244
851, 263
854, 292
854, 318
856, 339
858, 361
859, 386
860, 409
860, 430
861, 455
862, 483
862, 506
862, 528
862, 550
862, 571
860, 590
858, 617
855, 647
853, 674
852, 698
852, 718
853, 734
853, 746
854, 755
854, 766
855, 777
857, 788
857, 797
857, 808
857, 817
857, 826
856, 834
856, 840
856, 841
852, 838
833, 837
794, 831
727, 822
670, 818
626, 817
600, 817
588, 818
579, 819
566, 819
546, 820
519, 819
489, 813
468, 812
445, 814
413, 813
380, 811
358, 811
339, 811
321, 808
303, 806
288, 805
272, 803
254, 802
236, 801
214, 801
190, 803
177, 804
171, 804
165, 803
161, 803
155, 802
144, 800
136, 798
133, 798
132, 797
130, 796
129, 796
128, 794
125, 787
120, 775
118, 758
115, 734
111, 715
110, 701
109, 688
109, 674
108, 656
108, 634
108, 615
108, 590
109, 566
110, 543
112, 522
115, 497
116, 468
120, 441
122, 418
125, 396
128, 376
130, 358
131, 339
131, 314
131, 287
131, 265
131, 249
131, 235
131, 221
131, 208
131, 193
131, 173
132, 148
132, 128
133, 115
133, 106
132, 100
132, 96
131, 94
131, 92
131, 91
139, 92
155, 93
179, 92
206, 92
243, 92
285, 92
317, 92
344, 93
375, 93
412, 93
446, 93
486, 93
526, 93
565, 93
590, 93
606, 93
615, 93
623, 93
629, 93
633, 93
634, 98
637, 121
639, 152
641, 185
644, 214
645, 245
645, 276
644, 311
644, 341
644, 373
644, 397
645, 422
645, 450
645, 480
644, 517
643, 551
642, 586
641, 618
641, 653
641, 681
641, 703
641, 723
642, 746
642, 766
642, 785
642, 805
641, 822
641, 841
639, 854
639, 863
639, 872
639, 881
638, 887
638, 889
638, 890
638, 891
635, 892
627, 895
604, 899
573, 901
543, 903
519, 903
502, 901
489, 900
470, 900
451, 899
431, 899
410, 898
392, 897
380, 896
371, 895
360, 895
351, 895
345, 894
340, 894
337, 894
336, 894
336, 893
334, 884
330, 860
329, 819
327, 766
326, 709
325, 661
323, 606
323, 559
323, 521
323, 485
323, 450
323, 420
324, 392
324, 362
324, 329
326, 295
327, 258
328, 223
330, 188
330, 160
330, 142
330, 129
330, 114
330, 103
331, 93
331, 81
332, 71
332, 63
333, 55
333, 49
334, 45
334, 44
334, 43
334, 41
335, 39
336, 32
338, 23
339, 12
340, 4
340, 0
340, 1
341, 4
345, 9
352, 13
364, 17
383, 21
416, 25
457, 28
495, 29
526, 29
546, 30
556, 31
558, 31
559, 31
559, 32
558, 37
558, 49
556, 74
552, 103
552, 132
552, 157
552, 187
551, 221
551, 256
551, 292
551, 323
549, 355
547, 386
545, 410
544, 436
542, 461
540, 486
538, 513
536, 543
535, 574
535, 609
535, 635
535, 661
536, 686
536, 709
537, 732
538, 753
538, 778
537, 807
535, 838
534, 868
534, 886
534, 896
534, 900
534, 903
534, 907
534, 911
534, 914
534, 915
532, 916
528, 917
523, 919
517, 919
509, 920
508, 920
507, 916
504, 902
503, 870
503, 834
503, 781
503, 728
505, 675
506, 637
506, 598
506, 557
510, 512
514, 466
518, 425
521, 394
523, 370
525, 348
527, 325
528, 303
529, 274
529, 246
529, 211
527, 175
527, 139
527, 111
527, 93
527, 82
527, 74
527, 69
527, 63
527, 59
527, 58
526, 56
526, 53
526, 51
526, 50
529, 49
533, 47
539, 46
546, 46
554, 45
570, 45
595, 44
626, 44
665, 45
701, 47
733, 48
759, 50
776, 50
787, 50
794, 49
800, 49
809, 48
818, 47
824, 47
829, 47
836, 47
843, 47
849, 47
856, 47
862, 48
865, 48
868, 49
872, 49
879, 50
890, 51
901, 53
912, 54
918, 55
919, 55
920, 55
921, 56
921, 57
924, 74
928, 111
933, 170
939, 220
945, 258
948, 297
948, 329
949, 353
950, 378
950, 409
949, 435
946, 460
945, 486
944, 506
944, 520
945, 527
945, 526
944, 526
933, 522
921, 522
865, 520
770, 520
694, 520
628, 521
576, 521
527, 519
486, 519
450, 519
416, 520
367, 522
322, 523
276, 523
241, 523
214, 522
200, 521
191, 521
180, 521
168, 520
159, 518
154, 518
153, 518
149, 518
140, 517
133, 516
136, 515
149, 514
157, 513
160, 512
165, 509
167, 509
172, 508
175, 508
177, 508
180, 508
181, 508
181, 507
177, 508
174, 509
167, 506
158, 500
153, 503
151, 503
151, 504
150, 507
140, 511
139, 510
133, 507
125, 502
126, 502
137, 501
168, 496
237, 495
325, 496
424, 494
503, 490
551, 489
595, 489
641, 489
677, 489
715, 490
756, 490
783, 491
803, 493
823, 493
831, 494
833, 494
836, 494
836, 495
834, 495
834, 496
834, 495
833, 491
832, 483
830, 467
829, 436
826, 395
826, 350
827, 318
827, 305
828, 301
828, 298
828, 290
828, 281
828, 271
828, 261
827, 258
826, 258
821, 259
806, 260
779, 261
747, 261
715, 261
687, 259
661, 259
638, 259
607, 258
558, 258
507, 258
452, 258
404, 256
359, 256
319, 256
289, 256
266, 256
248, 256
228, 255
210, 255
193, 255
176, 256
157, 256
143, 256
139, 256
139, 257
139, 258
139, 260
138, 265
136, 277
134, 291
131, 305
128, 320
121, 346
116, 380
115, 417
114, 454
114, 479
115, 503
117, 534
119, 557
120, 571
121, 585
122, 603
122, 618
122, 624
122, 627
122, 630
126, 631
151, 631
199, 631
268, 633
332, 637
377, 640
417, 640
450, 640
466, 640
481, 641
510, 641
532, 641
541, 641
549, 642
551, 642
552, 634
554, 609
557, 549
559, 472
563, 403
565, 339
563, 296
562, 261
561, 233
561, 205
561, 179
561, 160
562, 140
563, 119
563, 100
563, 81
563, 67
563, 58
563, 56
572, 57
597, 59
632, 61
671, 66
723, 71
774, 74
814, 77
840, 77
856, 77
871, 76
881, 75
884, 75
885, 77
888, 91
895, 118
900, 157
900, 210
897, 270
894, 332
892, 387
890, 431
887, 473
885, 512
884, 549
884, 582
882, 614
878, 651
872, 691
869, 724
869, 752
869, 773
869, 787
869, 799
869, 810
869, 823
869, 834
869, 845
867, 861
865, 874
862, 885
860, 890
858, 896
855, 895
855, 893
855, 890
852, 890
846, 890
830, 892
791, 894
732, 903
678, 908
634, 908
587, 906
543, 903
503, 902
466, 902
432, 901
402, 900
382, 899
369, 899
356, 898
341, 898
326, 898
313, 899
306, 899
305, 899
304, 896
302, 883
302, 857
306, 813
311, 757
315, 703
320, 649
324, 601
329, 563
334, 521
337, 476
339, 426
339, 384
339, 336
339, 295
339, 257
339, 224
340, 189
341, 160
343, 137
344, 116
345, 106
345, 105
345, 98
345, 90
345, 82
345, 73
344, 68
346, 68
355, 69
374, 71
404, 74
438, 78
471, 81
521, 88
577, 93
626, 99
671, 103
713, 106
744, 108
763, 108
770, 107
771, 107
771, 115
769, 140
766, 176
766, 221
768, 268
771, 324
771, 381
771, 430
771, 478
771, 530
768, 584
765, 630
762, 672
759, 707
757, 738
756, 763
754, 787
752, 810
750, 825
749, 836
749, 844
748, 851
748, 857
748, 860
748, 864
748, 867
748, 873
748, 878
748, 883
748, 887
748, 889
747, 889
742, 890
727, 893
692, 894
636, 893
579, 891
536, 888
503, 886
472, 884
436, 882
400, 881
365, 878
343, 878
329, 877
321, 876
314, 875
310, 875
309, 875
307, 875
306, 873
302, 859
299, 829
298, 788
299, 746
307, 689
312, 634
315, 590
317, 552
322, 516
326, 484
330, 456
335, 425
340, 390
343, 351
347, 312
349, 273
351, 231
352, 192
354, 157
354, 131
355, 110
357, 94
358, 84
359, 79
359, 78
360, 78
369, 78
382, 80
406, 83
437, 86
485, 89
529, 92
568, 95
598, 97
625, 99
650, 100
673, 100
688, 100
700, 101
710, 102
720, 102
732, 103
745, 103
760, 104
774, 105
784, 106
792, 108
796, 109
800, 110
804, 110
807, 112
810, 112
810, 115
813, 129
818, 153
823, 186
825, 221
825, 263
825, 303
826, 342
824, 385
819, 434
811, 488
804, 543
799, 592
797, 636
795, 671
793, 698
791, 721
789, 742
788, 756
787, 766
787, 774
787, 783
787, 790
787, 794
787, 796
786, 797
777, 798
753, 799
705, 799
640, 794
581, 791
536, 789
501, 788
469, 787
439, 786
406, 784
371, 781
337, 776
310, 773
291, 772
277, 771
265, 770
254, 770
244, 769
236, 769
231, 768
229, 768
229, 767
229, 762
230, 753
230, 737
232, 711
236, 675
242, 638
248, 601
255, 557
261, 513
269, 471
277, 433
285, 393
290, 359
296, 328
302, 294
307, 258
313, 222
318, 191
321, 166
323, 146
325, 130
327, 115
328, 105
329, 98
329, 93
329, 88
330, 82
330, 76
331, 71
331, 68
334, 68
347, 67
374, 66
416, 66
467, 67
509, 69
547, 69
572, 68
583, 68
592, 68
599, 68
607, 69
616, 69
625, 71
632, 71
637, 71
638, 71
638, 73
638, 85
638, 109
635, 141
633, 174
630, 215
626, 259
625, 297
623, 336
621, 377
618, 424
615, 479
609, 550
604, 623
601, 698
599, 754
599, 794
599, 825
601, 846
601, 854
601, 857
601, 858
600, 858
595, 858
584, 857
564, 856
544, 855
524, 853
508, 852
495, 851
486, 851
478, 850
474, 850
470, 849
465, 849
458, 848
451, 848
446, 848
444, 848
444, 847
443, 832
443, 797
443, 741
445, 676
446, 612
446, 556
446, 510
446, 471
448, 435
451, 398
454, 363
460, 325
465, 288
470, 255
474, 226
477, 206
479, 193
480, 187
480, 183
480, 182
481, 178
482, 175
483, 169
483, 165
484, 164
481, 164
471, 165
452, 167
435, 167
421, 166
412, 164
403, 163
394, 161
384, 160
371, 158
361, 157
361, 156
359, 164
353, 186
350, 213
349, 230
349, 233
353, 236
373, 237
419, 237
483, 237
522, 237
540, 237
546, 237
547, 237
548, 237
553, 237
573, 239
606, 242
640, 245
663, 247
676, 249
685, 250
692, 251
699, 251
703, 251
704, 251
707, 263
714, 296
717, 364
717, 425
717, 475
719, 500
719, 505
719, 506
718, 507
718, 508
718, 509
717, 510
714, 511
694, 517
641, 521
562, 525
497, 525
454, 522
436, 520
434, 519
433, 519
432, 519
430, 519
425, 518
419, 517
415, 517
414, 517
414, 516
413, 516
412, 516
411, 516
411, 514
410, 491
411, 440
411, 347
405, 286
403, 256
402, 244
402, 238
402, 234
402, 231
402, 229
402, 227
402, 225
402, 223
402, 222
403, 222
418, 221
447, 222
480, 222
515, 225
540, 229
559, 232
573, 233
588, 233
607, 233
627, 233
643, 233
649, 234
650, 234
650, 238
650, 245
650, 254
650, 263
651, 272
651, 278
651, 282
652, 286
652, 292
652, 297
651, 303
651, 309
651, 314
650, 318
650, 321
650, 323
650, 327
649, 333
648, 342
647, 352
647, 361
647, 368
647, 373
647, 379
647, 384
648, 387
649, 391
649, 395
649, 401
649, 406
649, 413
649, 421
650, 427
650, 433
650, 437
650, 441
650, 444
650, 448
650, 453
649, 459
649, 465
649, 471
649, 477
649, 482
648, 489
648, 495
647, 502
647, 508
647, 513
647, 517
647, 519
647, 522
647, 526
647, 529
647, 531
647, 535
647, 538
647, 542
647, 547
647, 552
647, 557
647, 562
647, 568
647, 574
647, 580
648, 587
648, 592
648, 597
648, 601
648, 602
648, 603
648, 605
648, 608
648, 613
648, 619
648, 624
648, 627
648, 630
648, 633
648, 637
648, 642
648, 647
648, 652
648, 655
648, 660
647, 665
647, 669
647, 672
647, 676
646, 681
646, 687
645, 694
645, 699
645, 703
645, 709
644, 713
643, 719
643, 725
642, 731
642, 733
642, 735
642, 737
642, 738
641, 740
638, 741
636, 742
633, 742
627, 742
622, 742
616, 742
607, 741
597, 740
589, 739
584, 739
580, 739
577, 738
575, 738
571, 738
566, 738
561, 737
557, 737
551, 737
545, 736
540, 736
538, 736
534, 735
528, 733
523, 731
519, 728
513, 725
507, 721
502, 717
498, 712
495, 708
492, 703
490, 696
489, 690
488, 684
487, 676
487, 668
486, 661
486, 653
486, 645
486, 638
487, 632
487, 626
488, 618
489, 608
490, 599
491, 591
492, 582
493, 573
494, 565
495, 556
497, 547
497, 539
498, 530
499, 520
501, 509
502, 498
504, 488
505, 477
505, 468
506, 458
508, 449
508, 440
509, 430
510, 420
511, 411
512, 401
513, 390
513, 378
514, 366
514, 357
514, 348
515, 338
515, 327
516, 317
516, 307
516, 297
516, 288
517, 279
518, 269
519, 260
520, 252
521, 243
522, 235
523, 223
524, 211
524, 198
525, 189
525, 183
526, 179
526, 177
526, 174
526, 169
526, 162
526, 153
526, 146
526, 138
526, 129
526, 122
526, 119
526, 118
527, 119
538, 124
540, 125
537, 123
534, 122
534, 120
534, 121
530, 122
524, 124
521, 124
505, 122
487, 121
478, 121
471, 121
462, 120
450, 120
437, 120
424, 121
409, 121
401, 120
396, 120
390, 119
381, 119
368, 119
355, 119
350, 119
347, 118
344, 118
336, 118
327, 118
318, 118
305, 118
297, 118
292, 118
289, 118
285, 118
279, 119
272, 119
267, 120
260, 120
254, 121
248, 122
242, 123
237, 124
233, 125
231, 127
227, 134
224, 144
223, 152
223, 159
223, 168
223, 180
224, 195
225, 213
225, 229
225, 245
224, 259
224, 272
222, 287
221, 297
219, 309
217, 322
214, 336
212, 348
211, 357
210, 365
209, 371
208, 377
208, 383
208, 391
207, 400
207, 410
207, 421
207, 431
207, 441
207, 449
207, 459
207, 470
206, 482
205, 493
204, 506
204, 518
204, 529
203, 545
203, 558
202, 568
202, 579
200, 588
199, 598
198, 606
197, 617
196, 630
194, 648
192, 667
191, 686
188, 703
186, 723
183, 739
180, 755
179, 768
177, 781
175, 794
173, 810
170, 825
169, 836
167, 844
167, 851
166, 861
165, 872
164, 882
163, 890
163, 895
163, 897
166, 896
172, 896
182, 893
194, 892
207, 892
220, 892
236, 891
250, 890
259, 890
269, 889
283, 889
299, 889
314, 890
326, 890
338, 889
348, 889
358, 889
372, 887
389, 887
404, 886
418, 885
433, 885
447, 885
462, 885
475, 884
487, 884
501, 883
517, 883
532, 882
544, 882
556, 881
569, 879
582, 879
593, 879
603, 878
614, 877
623, 877
630, 876
642, 876
652, 877
662, 877
674, 878
686, 878
692, 878
697, 878
704, 878
716, 878
726, 878
733, 878
740, 879
748, 879
753, 879
754, 879
755, 879
755, 878
755, 876
755, 874
755, 870
756, 864
757, 856
757, 845
757, 835
757, 826
758, 816
759, 802
761, 788
762, 774
764, 760
764, 748
766, 735
767, 724
769, 708
771, 692
774, 675
776, 659
778, 645
780, 633
781, 622
783, 610
785, 596
787, 579
789, 558
791, 538
794, 518
797, 498
799, 480
800, 462
801, 445
802, 430
802, 417
803, 406
803, 396
803, 386
804, 375
805, 363
805, 351
806, 337
807, 323
808, 309
809, 295
811, 282
811, 270
812, 259
814, 246
815, 231
817, 216
818, 201
820, 189
821, 178
822, 170
823, 163
824, 156
825, 148
826, 139
827, 129
828, 119
828, 116
828, 115
825, 114
818, 111
809, 109
802, 107
795, 106
787, 105
776, 105
763, 105
751, 107
740, 107
728, 107
717, 107
706, 107
698, 106
691, 106
681, 105
669, 104
657, 104
646, 104
636, 104
623, 103
609, 103
599, 103
591, 103
584, 103
576, 103
568, 103
560, 103
550, 103
542, 103
534, 103
526, 103
518, 102
510, 102
500, 102
490, 102
480, 101
472, 101
463, 100
455, 100
449, 99
441, 98
431, 98
421, 98
411, 98
397, 98
380, 98
367, 98
351, 97
337, 96
325, 96
316, 96
306, 95
296, 95
289, 95
280, 95
266, 95
253, 94
241, 94
231, 94
218, 95
207, 95
196, 95
188, 95
179, 95
174, 95
171, 95
167, 95
159, 95
152, 96
147, 96
143, 96
141, 96
140, 99
137, 107
133, 117
130, 128
127, 139
126, 149
124, 159
124, 169
123, 182
122, 194
120, 209
116, 224
114, 239
111, 252
108, 264
106, 275
105, 286
102, 297
101, 307
99, 317
97, 328
95, 339
93, 350
91, 361
90, 372
88, 383
87, 392
86, 401
86, 409
84, 420
83, 433
82, 445
80, 457
79, 468
78, 477
77, 486
76, 493
75, 502
75, 511
74, 522
73, 532
73, 544
73, 556
73, 568
73, 580
72, 589
72, 598
72, 607
71, 617
70, 627
69, 640
68, 652
66, 662
64, 672
62, 683
60, 695
56, 711
53, 728
51, 740
50, 747
50, 752
49, 758
49, 764
48, 770
48, 775
47, 779
46, 781
49, 779
53, 774
57, 768
61, 764
66, 758
71, 751
77, 744
83, 734
93, 722
102, 711
111, 701
118, 691
125, 678
134, 663
143, 651
149, 642
155, 633
161, 624
167, 615
174, 603
183, 590
193, 575
203, 559
212, 545
220, 531
227, 518
234, 507
239, 497
246, 487
252, 475
261, 459
270, 444
279, 427
286, 413
292, 402
297, 393
303, 383
310, 370
319, 356
330, 339
340, 321
349, 306
358, 291
366, 276
374, 261
381, 247
389, 232
396, 219
403, 207
409, 196
415, 185
421, 175
427, 164
433, 154
439, 145
445, 134
450, 126
454, 118
458, 111
462, 104
465, 99
466, 96
469, 93
471, 88
474, 83
477, 78
479, 72
480, 70
483, 75
485, 81
486, 86
489, 92
493, 100
496, 107
502, 116
506, 124
510, 132
514, 139
519, 147
524, 156
529, 164
535, 173
541, 184
548, 197
553, 209
558, 222
564, 233
569, 245
575, 257
582, 271
588, 286
596, 303
604, 320
613, 337
621, 354
627, 367
633, 378
637, 386
640, 394
643, 401
647, 410
651, 419
655, 429
660, 440
666, 452
671, 463
677, 474
683, 487
689, 501
695, 515
701, 525
707, 537
712, 547
716, 555
719, 560
721, 565
723, 570
726, 576
729, 583
732, 591
737, 601
741, 612
747, 624
752, 636
756, 647
761, 657
766, 666
770, 675
774, 685
778, 694
781, 700
782, 703
782, 705
779, 708
777, 711
771, 715
762, 721
749, 728
736, 733
726, 737
715, 743
702, 749
686, 757
669, 763
656, 769
644, 776
629, 783
614, 789
602, 795
589, 801
575, 808
562, 813
551, 818
540, 822
525, 829
510, 836
499, 841
490, 845
483, 849
477, 852
470, 855
463, 859
452, 865
440, 870
428, 874
417, 879
406, 883
395, 887
385, 891
376, 895
365, 899
353, 904
344, 908
340, 910
337, 911
334, 913
332, 914
329, 916
326, 918
323, 920
322, 920
321, 917
316, 907
311, 897
307, 889
304, 883
301, 877
295, 867
290, 853
284, 842
282, 835
279, 826
276, 817
273, 808
269, 797
265, 785
258, 770
251, 755
244, 739
235, 721
225, 702
216, 683
209, 668
204, 656
201, 646
197, 633
192, 618
187, 601
181, 580
175, 560
169, 543
165, 528
160, 517
158, 506
155, 496
152, 487
150, 476
146, 467
143, 458
141, 450
138, 445
137, 441
136, 438
135, 437
135, 436
135, 435
134, 433
134, 431
133, 430
133, 429
133, 428
133, 426
134, 425
138, 421
146, 416
157, 408
178, 397
200, 387
214, 381
225, 375
236, 370
245, 364
254, 357
265, 350
279, 342
292, 333
306, 325
318, 318
332, 310
350, 299
371, 289
394, 277
411, 267
425, 259
436, 252
446, 246
455, 240
467, 233
479, 225
488, 219
498, 212
507, 206
517, 200
529, 194
540, 188
550, 182
561, 176
571, 170
582, 163
593, 157
603, 151
612, 146
624, 140
636, 132
649, 124
660, 118
669, 112
676, 107
681, 104
686, 101
689, 98
691, 97
691, 98
688, 101
684, 106
679, 116
672, 126
667, 136
661, 146
653, 158
645, 169
638, 178
631, 188
623, 199
614, 214
603, 229
591, 245
577, 268
563, 291
551, 309
541, 328
531, 345
523, 359
517, 370
512, 379
507, 387
503, 394
500, 401
496, 408
491, 418
485, 427
478, 440
471, 453
463, 466
456, 477
449, 488
442, 500
434, 513
426, 526
418, 538
412, 549
406, 557
398, 569
390, 580
383, 590
375, 603
364, 619
352, 638
340, 656
329, 673
318, 690
309, 704
300, 719
289, 734
279, 748
269, 762
259, 774
250, 785
241, 795
230, 806
219, 818
210, 829
201, 839
193, 848
189, 852
188, 852
192, 851
201, 846
214, 840
234, 832
260, 824
286, 816
309, 807
330, 798
352, 789
372, 779
393, 766
413, 754
433, 744
448, 736
461, 729
477, 718
498, 705
525, 688
553, 673
583, 659
604, 648
622, 639
637, 629
653, 620
672, 609
690, 599
707, 589
729, 577
750, 566
767, 556
786, 544
806, 531
828, 517
845, 507
857, 498
867, 492
872, 488
874, 486
877, 485
879, 484
882, 482
888, 478
899, 473
910, 469
918, 465
924, 461
929, 458
932, 455
937, 452
941, 450
941, 449
939, 446
930, 442
916, 435
897, 425
881, 416
862, 404
842, 390
816, 375
787, 355
762, 337
737, 319
717, 305
699, 292
685, 282
671, 272
657, 263
643, 252
628, 240
614, 228
600, 216
585, 205
572, 195
559, 186
545, 176
535, 168
525, 162
514, 154
504, 147
494, 139
482, 129
467, 119
447, 106
430, 96
415, 87
401, 80
391, 73
381, 66
375, 62
373, 60
373, 61
374, 63
375, 69
378, 83
380, 92
382, 102
383, 112
384, 122
385, 129
385, 133
388, 139
390, 151
393, 163
395, 183
398, 208
401, 233
405, 258
409, 285
412, 311
416, 334
419, 356
421, 372
423, 384
424, 396
425, 408
426, 419
427, 430
427, 443
428, 460
429, 480
432, 503
435, 527
438, 553
441, 576
444, 595
446, 612
446, 632
445, 654
445, 676
445, 698
445, 720
445, 743
447, 763
451, 778
453, 792
456, 807
459, 822
460, 835
462, 847
463, 862
463, 875
464, 889
465, 900
465, 915
466, 929
466, 941
467, 950
467, 956
467, 957
467, 958
468, 957
473, 951
480, 945
490, 937
499, 930
508, 922
519, 914
527, 905
535, 897
542, 891
549, 884
559, 872
572, 858
589, 842
606, 824
620, 807
632, 790
644, 774
654, 760
663, 746
673, 733
684, 720
695, 707
705, 694
714, 683
722, 674
732, 664
743, 652
755, 639
766, 626
781, 609
798, 591
815, 572
828, 555
839, 543
849, 531
860, 520
869, 509
880, 495
892, 482
901, 471
907, 461
912, 455
916, 451
918, 449
919, 445
922, 441
925, 436
928, 429
929, 427
927, 427
922, 429
915, 432
905, 436
896, 440
887, 444
875, 449
863, 455
849, 462
829, 472
809, 483
791, 492
775, 499
762, 504
747, 510
732, 517
716, 524
697, 531
677, 538
656, 546
638, 553
617, 561
596, 568
579, 574
559, 582
538, 589
517, 595
501, 600
483, 605
461, 612
440, 619
419, 627
394, 636
368, 646
342, 659
316, 670
295, 676
282, 682
271, 686
260, 689
246, 693
232, 697
219, 701
203, 705
187, 708
176, 710
164, 712
153, 714
144, 715
137, 716
133, 716
132, 716
133, 712
138, 703
148, 688
164, 671
180, 653
196, 636
213, 617
231, 600
243, 587
258, 573
273, 558
292, 540
309, 521
324, 504
335, 488
348, 474
358, 465
366, 456
376, 446
387, 433
401, 419
414, 406
426, 394
440, 378
456, 362
471, 344
484, 329
493, 317
504, 304
517, 287
534, 269
551, 250
568, 230
584, 210
600, 191
612, 173
622, 158
629, 147
636, 137
641, 129
645, 122
652, 111
660, 98
669, 84
680, 68
691, 49
698, 38
701, 32
702, 31
702, 32
702, 39
701, 57
700, 85
698, 114
696, 144
693, 171
689, 202
686, 226
683, 246
681, 266
678, 295
674, 323
670, 355
667, 381
664, 408
659, 435
652, 471
646, 502
641, 535
633, 569
626, 604
619, 641
614, 671
610, 696
607, 719
604, 741
602, 761
600, 781
598, 798
596, 812
594, 823
593, 832
593, 840
592, 848
590, 858
589, 869
587, 881
586, 890
585, 898
584, 903
584, 905
584, 906
583, 908
583, 910
582, 910
577, 907
564, 896
540, 877
515, 859
495, 842
479, 828
465, 815
451, 801
432, 782
414, 763
397, 746
380, 729
364, 713
346, 694
326, 673
303, 652
289, 636
276, 622
265, 610
254, 598
244, 588
233, 576
220, 559
204, 542
190, 525
178, 510
167, 496
157, 485
150, 475
144, 467
140, 461
137, 458
136, 457
135, 455
134, 454
133, 453
132, 452
131, 450
131, 448
130, 447
131, 445
132, 442
138, 437
149, 429
167, 415
187, 400
209, 384
228, 371
250, 359
268, 347
283, 337
298, 326
316, 314
331, 303
347, 292
364, 280
381, 270
395, 261
408, 253
420, 245
435, 236
452, 225
468, 214
484, 202
498, 192
510, 184
522, 175
536, 164
554, 150
574, 135
590, 121
602, 110
611, 103
617, 98
621, 94
626, 89
631, 85
634, 82
635, 80
636, 80
637, 82
639, 87
644, 94
649, 101
657, 111
663, 120
668, 130
673, 142
680, 156
687, 169
693, 179
698, 188
703, 196
708, 203
712, 212
718, 224
725, 238
734, 254
741, 267
749, 282
759, 298
767, 311
774, 321
780, 331
787, 342
793, 353
801, 366
809, 381
818, 399
826, 416
835, 431
842, 444
851, 460
858, 472
865, 483
870, 491
875, 498
878, 502
879, 504
880, 507
881, 508
878, 509
873, 512
867, 515
850, 522
833, 528
815, 532
791, 538
771, 543
756, 547
738, 553
719, 559
699, 565
678, 572
656, 580
631, 590
608, 599
584, 607
560, 617
540, 626
519, 635
504, 642
493, 648
480, 655
469, 661
458, 667
448, 672
436, 678
422, 684
405, 693
387, 702
365, 712
343, 722
324, 729
307, 736
292, 741
280, 745
270, 748
263, 750
258, 751
256, 753
254, 753
254, 750
253, 742
252, 730
252, 714
251, 694
250, 674
248, 657
244, 641
242, 625
239, 606
235, 585
230, 564
226, 542
222, 525
218, 508
214, 492
211, 474
208, 457
203, 438
199, 418
196, 397
193, 375
190, 354
186, 333
184, 313
182, 293
180, 277
179, 262
177, 248
177, 234
177, 222
180, 214
183, 206
188, 199
198, 192
215, 185
233, 180
253, 176
276, 174
308, 172
344, 171
384, 169
426, 167
470, 164
510, 159
547, 154
581, 151
611, 148
643, 146
669, 141
692, 137
714, 135
732, 133
742, 131
752, 130
760, 130
766, 130
771, 131
775, 133
779, 136
784, 142
789, 151
792, 163
793, 176
793, 194
791, 216
789, 236
785, 258
781, 280
777, 302
771, 328
765, 353
757, 380
750, 403
742, 427
732, 454
724, 477
716, 501
708, 529
698, 562
687, 592
678, 618
671, 640
662, 662
655, 682
648, 700
641, 717
630, 739
612, 769
595, 796
579, 820
568, 839
558, 856
548, 874
540, 886
535, 893
533, 899
533, 900
538, 896
554, 886
588, 869
625, 852
657, 833
692, 814
721, 798
749, 779
778, 761
806, 746
828, 734
844, 725
863, 717
876, 711
885, 706
892, 701
898, 698
901, 694
903, 690
904, 686
902, 682
900, 680
895, 676
885, 670
871, 660
850, 645
824, 628
800, 611
776, 592
754, 576
734, 556
717, 537
700, 515
684, 495
669, 474
652, 452
635, 430
618, 406
603, 384
586, 358
569, 334
555, 313
540, 292
524, 268
510, 245
497, 225
488, 208
480, 191
474, 176
468, 163
464, 152
460, 144
458, 139
456, 136
456, 137
454, 141
450, 149
444, 160
438, 177
431, 197
424, 219
416, 240
410, 260
404, 280
400, 296
396, 314
390, 333
382, 356
374, 379
364, 405
355, 435
342, 467
332, 495
320, 522
310, 545
301, 568
292, 590
283, 610
274, 630
265, 650
254, 672
243, 691
234, 707
227, 718
223, 726
219, 733
216, 738
212, 743
208, 750
205, 755
205, 756
207, 754
216, 745
232, 731
251, 715
274, 695
297, 675
327, 648
360, 619
390, 591
422, 562
451, 534
479, 507
503, 483
528, 460
553, 436
577, 413
602, 389
627, 364
652, 341
673, 321
692, 302
710, 285
730, 268
745, 254
762, 239
776, 225
788, 214
795, 205
799, 202
799, 200
800, 199
799, 199
795, 199
789, 201
776, 203
758, 207
736, 211
713, 215
693, 220
673, 224
654, 230
635, 236
618, 240
602, 243
591, 245
580, 248
567, 252
551, 256
531, 260
512, 266
493, 270
468, 274
448, 278
427, 281
407, 284
387, 288
372, 291
359, 294
346, 295
335, 298
320, 301
306, 305
290, 309
277, 314
266, 319
256, 323
253, 325
251, 327
250, 328
252, 332
261, 339
275, 350
299, 365
330, 385
364, 408
395, 431
420, 452
443, 472
473, 499
502, 527
530, 554
558, 582
591, 610
623, 637
654, 668
680, 697
706, 726
732, 751
751, 774
763, 790
775, 807
786, 822
790, 832
793, 841
794, 845
792, 841
788, 827
783, 803
776, 773
764, 732
750, 681
738, 633
725, 586
714, 543
704, 506
696, 477
691, 454
688, 436
685, 418
682, 397
679, 369
676, 337
672, 304
666, 268
661, 227
655, 189
649, 158
645, 131
642, 111
641, 96
641, 83
640, 72
640, 65
639, 61
639, 62
637, 70
634, 81
628, 99
622, 126
613, 160
606, 190
597, 222
589, 255
579, 288
568, 326
556, 365
545, 402
535, 435
526, 465
516, 494
506, 523
499, 550
492, 579
483, 604
475, 629
467, 654
459, 680
450, 706
441, 730
434, 753
425, 779
413, 808
402, 834
395, 851
391, 861
388, 867
385, 874
382, 880
378, 885
376, 888
374, 880
370, 860
364, 828
358, 790
353, 749
352, 704
351, 655
349, 608
348, 562
347, 518
346, 477
346, 436
346, 395
347, 355
349, 319
351, 285
352, 253
353, 220
354, 191
355, 164
355, 144
355, 129
355, 118
354, 109
354, 102
353, 100
353, 97
353, 94
353, 93
354, 93
355, 93
359, 97
372, 104
394, 119
421, 137
451, 157
480, 177
505, 195
527, 212
548, 230
570, 251
596, 275
621, 299
649, 322
675, 346
701, 367
727, 387
748, 404
770, 422
795, 442
814, 458
831, 472
850, 487
866, 499
879, 510
889, 518
896, 523
898, 525
895, 528
885, 533
856, 544
815, 556
771, 569
726, 581
679, 592
643, 601
614, 609
590, 616
568, 622
544, 632
511, 644
474, 657
432, 673
395, 688
359, 704
332, 716
313, 725
297, 733
282, 741
264, 751
241, 763
221, 774
200, 786
183, 797
170, 805
162, 810
161, 811
161, 809
163, 799
168, 782
176, 758
185, 734
194, 708
204, 681
217, 646
229, 609
244, 565
258, 523
268, 483
277, 449
286, 415
296, 380
306, 344
316, 309
327, 276
335, 247
343, 218
351, 188
358, 158
365, 135
369, 116
372, 101
374, 88
376, 77
377, 69
378, 64
378, 63
378, 64
381, 67
389, 75
406, 89
427, 105
448, 123
466, 144
482, 161
495, 178
507, 194
520, 212
535, 234
553, 259
569, 280
586, 300
603, 319
620, 339
635, 358
650, 377
668, 399
682, 420
697, 440
709, 456
722, 473
734, 490
748, 509
762, 530
780, 551
797, 572
814, 591
831, 610
847, 626
856, 635
859, 639
855, 641
834, 648
794, 658
729, 670
661, 682
601, 688
553, 694
518, 699
490, 704
464, 707
441, 711
421, 714
402, 719
384, 723
367, 728
353, 732
342, 737
331, 741
322, 744
316, 745
311, 747
306, 749
300, 752
294, 754
289, 756
289, 754
287, 743
288, 722
294, 691
300, 659
307, 625
315, 593
322, 564
328, 531
335, 496
340, 463
346, 430
353, 395
360, 360
364, 328
370, 298
375, 270
381, 239
389, 207
397, 177
409, 141
420, 107
428, 77
434, 57
438, 42
439, 34
440, 30
441, 28
439, 30
434, 37
425, 46
408, 64
389, 85
363, 109
341, 131
316, 158
290, 183
263, 206
240, 227
217, 246
200, 259
187, 269
173, 280
160, 290
150, 298
142, 304
136, 309
132, 313
129, 315
127, 316
129, 318
139, 323
166, 335
196, 348
227, 361
254, 371
280, 382
304, 390
318, 396
328, 403
338, 411
355, 423
375, 438
396, 452
420, 468
450, 487
483, 509
517, 533
552, 561
601, 598
649, 631
692, 660
729, 688
755, 709
775, 726
791, 741
805, 753
817, 764
825, 774
830, 781
833, 785
833, 786
833, 782
833, 770
834, 749
834, 718
833, 686
833, 653
833, 614
833, 579
833, 539
835, 495
835, 456
836, 420
838, 390
839, 355
840, 328
841, 303
843, 279
845, 260
846, 243
847, 227
848, 214
849, 199
851, 186
852, 176
852, 172
849, 176
840, 186
823, 203
802, 223
782, 242
764, 259
746, 277
726, 298
705, 317
687, 334
668, 354
645, 377
621, 402
592, 429
566, 453
541, 479
519, 503
493, 530
466, 557
435, 583
404, 611
376, 636
350, 659
329, 678
312, 696
295, 711
279, 726
262, 740
248, 753
236, 763
227, 771
221, 776
220, 777
220, 775
220, 762
224, 736
230, 702
235, 668
241, 629
245, 589
249, 549
253, 507
257, 470
259, 433
261, 399
261, 373
261, 352
261, 335
261, 318
262, 303
262, 292
263, 281
264, 271
265, 262
267, 253
269, 248
269, 246
272, 247
279, 250
288, 255
296, 262
312, 276
336, 297
358, 319
385, 346
413, 375
448, 406
480, 435
509, 464
540, 495
571, 523
596, 547
618, 570
642, 594
665, 620
689, 647
711, 673
733, 699
753, 720
768, 737
779, 749
786, 758
793, 766
799, 775
805, 782
810, 788
814, 794
815, 797
808, 799
783, 805
740, 812
693, 818
659, 819
633, 821
613, 822
595, 824
576, 827
555, 830
523, 834
488, 837
444, 841
398, 844
356, 844
315, 845
278, 846
246, 846
224, 846
210, 846
202, 846
198, 846
199, 842
206, 831
222, 812
244, 785
265, 759
289, 728
310, 696
333, 661
353, 628
372, 598
389, 566
406, 540
424, 512
442, 483
463, 453
486, 419
510, 382
535, 343
556, 308
577, 277
591, 253
606, 231
618, 213
627, 200
632, 193
636, 187
639, 182
641, 179
641, 178
640, 179
636, 181
631, 183
621, 184
606, 185
582, 186
547, 185
513, 184
484, 182
457, 180
437, 178
416, 177
396, 176
375, 175
352, 174
329, 173
308, 172
290, 171
275, 171
262, 169
254, 169
248, 168
242, 165
240, 164
238, 163
235, 159
232, 153
229, 147
227, 138
225, 126
222, 117
220, 107
218, 96
218, 85
217, 74
217, 65
216, 58
216, 54
217, 51
218, 50
224, 48
237, 45
257, 45
289, 46
341, 54
410, 63
486, 72
557, 79
611, 83
657, 85
692, 85
715, 86
733, 86
753, 86
774, 86
796, 85
814, 85
824, 84
828, 84
830, 83
830, 84
828, 88
822, 98
811, 111
794, 130
770, 153
742, 179
711, 205
674, 235
642, 262
606, 294
576, 323
552, 355
527, 390
503, 425
478, 455
444, 490
405, 532
356, 584
315, 630
288, 663
268, 690
252, 713
238, 734
225, 749
219, 757
217, 759
217, 760
217, 761
220, 761
237, 761
273, 761
326, 760
381, 758
429, 754
463, 754
489, 755
513, 756
544, 756
580, 758
613, 761
649, 765
698, 771
753, 777
794, 782
828, 786
850, 788
863, 789
867, 789
863, 783
848, 765
825, 738
791, 700
745, 646
701, 601
668, 565
644, 533
615, 490
589, 449
566, 408
543, 367
522, 327
506, 291
493, 257
480, 224
467, 194
459, 170
453, 152
449, 138
443, 124
440, 111
437, 99
436, 91
435, 89
435, 88
435, 89
433, 96
431, 113
429, 141
426, 183
422, 238
421, 290
419, 347
417, 403
414, 464
414, 522
413, 575
412, 622
409, 666
409, 710
409, 747
409, 784
408, 816
407, 847
408, 869
408, 880
409, 885
409, 886
409, 888
409, 889
410, 889
419, 891
445, 891
485, 891
528, 893
569, 896
602, 897
628, 899
654, 901
681, 901
705, 901
727, 901
749, 901
770, 901
786, 902
801, 902
818, 904
837, 905
850, 906
853, 906
853, 904
854, 892
856, 864
857, 826
859, 780
862, 724
867, 665
871, 603
874, 540
879, 470
883, 400
885, 335
888, 267
892, 205
895, 153
899, 113
902, 84
904, 67
905, 59
905, 58
893, 58
871, 56
844, 56
816, 55
793, 52
773, 50
758, 47
751, 46
751, 48
748, 57
744, 75
740, 104
737, 144
736, 199
737, 265
746, 340
756, 416
772, 507
785, 583
795, 637
802, 675
807, 713
808, 744
810, 771
810, 789
811, 803
812, 814
813, 826
814, 838
816, 849
817, 858
818, 863
818, 864
818, 865
814, 866
797, 871
768, 876
721, 881
669, 883
617, 885
586, 885
567, 884
551, 882
539, 882
532, 882
530, 877
527, 866
526, 841
527, 802
532, 739
542, 664
550, 590
559, 502
567, 407
573, 314
578, 236
580, 183
581, 149
581, 133
581, 128
581, 126
581, 124
581, 120
581, 117
581, 112
581, 105
582, 97
583, 91
583, 88
577, 91
564, 94
540, 99
510, 102
477, 103
443, 103
407, 102
373, 100
350, 100
328, 99
310, 98
297, 97
289, 96
285, 96
282, 96
281, 96
277, 96
272, 96
268, 96
267, 96
267, 100
265, 125
262, 160
261, 193
262, 212
262, 221
262, 224
262, 225
262, 226
262, 228
292, 234
428, 245
626, 248
813, 248
928, 248
947, 248
947, 253
947, 286
944, 368
939, 488
935, 635
920, 770
912, 861
911, 910
912, 923
912, 922
912, 921
912, 917
912, 913
912, 909
911, 907
910, 905
909, 905
865, 903
648, 893
425, 878
295, 872
270, 870
270, 863
272, 834
284, 737
299, 600
310, 466
315, 367
315, 307
315, 269
315, 243
316, 222
317, 206
320, 188
323, 167
325, 153
326, 140
328, 128
329, 114
329, 101
330, 91
330, 84
330, 78
330, 77
330, 76
328, 73
317, 70
298, 69
284, 69
276, 67
275, 73
270, 115
263, 216
264, 378
264, 527
261, 643
256, 718
252, 757
252, 771
251, 774
251, 777
252, 790
257, 817
261, 846
263, 876
264, 901
264, 915
264, 922
263, 924
263, 925
262, 926
262, 927
261, 929
261, 930
261, 931
260, 932
260, 934
260, 935
259, 938
259, 939
270, 939
301, 939
352, 939
410, 939
463, 940
516, 945
568, 948
614, 948
655, 948
696, 946
730, 943
756, 941
776, 941
784, 941
785, 941
786, 940
788, 937
793, 908
794, 790
788, 625
785, 480
785, 369
789, 273
792, 210
792, 177
792, 159
792, 148
792, 141
792, 135
792, 133
792, 130
792, 125
793, 114
794, 100
796, 84
797, 70
797, 60
798, 55
798, 53
798, 51
798, 50
798, 49
796, 47
792, 46
787, 45
782, 45
772, 45
762, 44
756, 45
755, 46
755, 47
752, 59
749, 93
740, 186
730, 343
728, 491
728, 629
730, 766
732, 861
735, 914
735, 929
735, 933
734, 933
731, 934
716, 934
684, 934
633, 931
557, 924
478, 919
414, 916
367, 913
326, 911
293, 909
270, 908
250, 906
225, 903
200, 900
183, 899
171, 899
159, 899
150, 899
144, 899
139, 899
134, 899
130, 899
127, 899
126, 899
122, 891
120, 846
130, 697
141, 511
143, 357
144, 262
147, 188
147, 132
147, 92
147, 76
146, 71
146, 70
146, 68
147, 64
147, 59
147, 56
150, 55
156, 54
164, 52
173, 51
181, 50
185, 49
186, 49
186, 50
188, 52
189, 58
194, 73
199, 105
204, 172
212, 292
225, 434
239, 559
242, 672
241, 761
239, 817
239, 848
240, 859
240, 860
240, 861
240, 865
240, 875
240, 888
240, 900
241, 907
241, 910
241, 912
241, 914
240, 916
240, 917
246, 917
298, 920
434, 928
605, 937
723, 951
778, 959
784, 960
784, 959
780, 940
764, 856
707, 654
635, 431
581, 259
544, 142
526, 90
520, 76
520, 75
514, 85
481, 163
391, 316
278, 476
191, 591
163, 636
155, 650
154, 653
153, 654
152, 657
150, 660
149, 663
148, 666
147, 668
146, 669
145, 671
144, 672
145, 659
152, 583
174, 412
197, 211
213, 45
213, 0
217, 3
217, 13
217, 23
216, 27
218, 26
225, 24
244, 24
275, 24
327, 28
395, 35
477, 40
563, 44
651, 51
707, 55
744, 56
774, 56
809, 56
848, 56
881, 55
894, 54
891, 56
873, 71
839, 98
788, 134
738, 168
702, 195
671, 223
636, 257
593, 297
541, 343
491, 383
447, 419
415, 446
387, 469
356, 491
323, 511
290, 530
263, 545
246, 557
232, 569
222, 579
212, 587
201, 599
191, 608
179, 619
171, 626
165, 630
158, 635
154, 638
152, 639
151, 639
150, 640
147, 642
146, 643
145, 643
