185, 229
184, 239
184, 255
182, 271
182, 282
182, 292
182, 304
182, 322
182, 338
182, 351
182, 364
182, 379
182, 394
182, 405
181, 414
180, 424
180, 431
180, 439
179, 450
176, 465
174, 483
172, 500
170, 515
169, 528
168, 543
168, 555
167, 566
167, 577
168, 591
170, 612
172, 634
174, 651
175, 665
176, 676
176, 687
176, 697
176, 706
176, 713
176, 720
176, 730
177, 745
176, 756
176, 762
176, 766
176, 771
176, 777
176, 784
176, 793
177, 801
178, 809
178, 816
177, 820
176, 820
176, 821
176, 824
175, 825
174, 825
176, 825
180, 825
186, 825
203, 825
223, 825
249, 826
283, 828
307, 829
331, 830
351, 832
373, 834
406, 834
438, 832
474, 830
508, 830
546, 829
586, 829
630, 827
671, 825
714, 825
744, 824
757, 823
763, 823
770, 822
779, 822
791, 823
799, 823
799, 820
799, 813
800, 801
802, 789
803, 772
804, 748
804, 723
802, 698
801, 673
799, 642
797, 612
797, 592
795, 572
795, 547
795, 520
795, 497
795, 471
794, 450
794, 433
794, 415
794, 395
794, 377
795, 360
797, 344
799, 329
801, 314
803, 293
804, 278
805, 266
805, 257
805, 252
805, 249
805, 244
805, 241
805, 238
804, 235
803, 233
799, 230
786, 228
763, 229
739, 230
718, 231
701, 231
681, 232
659, 233
629, 234
594, 234
563, 234
532, 234
502, 234
471, 232
443, 232
416, 232
390, 232
367, 232
344, 232
318, 233
290, 234
273, 236
263, 236
255, 236
246, 237
235, 239
220, 239
203, 239
194, 239
191, 239
187, 239
187, 240
187, 244
188, 252
189, 260
190, 270
190, 280
191, 293
192, 312
193, 331
194, 350
195, 372
197, 400
197, 431
197, 460
198, 485
200, 512
200, 543
200, 574
198, 604
197, 635
194, 668
190, 702
187, 728
185, 748
182, 771
180, 794
179, 811
179, 824
180, 832
181, 836
181, 837
182, 838
188, 839
206, 843
234, 845
271, 847
311, 848
354, 849
392, 851
423, 852
457, 853
497, 855
536, 856
573, 859
610, 859
639, 861
663, 863
683, 865
705, 865
721, 864
730, 864
734, 865
737, 866
738, 866
738, 865
739, 862
741, 856
741, 843
741, 821
741, 796
739, 767
736, 739
736, 713
736, 680
735, 651
734, 628
734, 606
736, 581
737, 554
738, 529
742, 506
745, 483
747, 457
751, 427
754, 397
757, 373
758, 354
758, 342
758, 328
757, 312
756, 302
755, 295
754, 288
753, 281
751, 276
750, 275
750, 274
743, 270
724, 266
687, 261
634, 257
582, 255
539, 254
497, 253
468, 253
444, 255
421, 255
394, 256
366, 257
339, 258
311, 258
289, 259
276, 259
263, 259
254, 258
250, 258
246, 258
239, 258
233, 260
231, 261
230, 265
226, 280
223, 298
221, 320
220, 350
222, 384
222, 426
219, 473
215, 525
212, 575
209, 623
205, 664
203, 694
203, 716
202, 729
202, 739
202, 745
202, 752
202, 760
202, 772
202, 782
201, 791
200, 796
199, 800
199, 802
199, 803
199, 805
200, 807
202, 808
207, 809
223, 810
253, 811
296, 812
341, 813
383, 813
421, 813
457, 814
489, 815
516, 816
549, 817
590, 817
627, 817
661, 819
690, 822
709, 822
718, 823
727, 824
736, 824
737, 824
738, 820
739, 808
739, 784
739, 756
736, 724
736, 688
738, 654
742, 616
745, 574
750, 536
756, 504
760, 474
764, 445
767, 419
767, 387
769, 358
770, 332
770, 315
770, 305
770, 297
770, 294
770, 293
769, 293
769, 292
768, 291
764, 290
755, 290
737, 291
708, 292
675, 292
630, 292
585, 290
538, 289
489, 288
443, 288
399, 287
359, 286
335, 285
312, 283
299, 283
297, 283
296, 287
293, 297
291, 313
288, 332
287, 354
286, 381
287, 409
287, 431
288, 455
290, 485
291, 515
291, 549
290, 581
290, 613
289, 641
286, 667
282, 690
276, 711
270, 728
267, 740
265, 752
263, 758
263, 761
263, 763
264, 767
265, 769
268, 772
276, 776
294, 780
320, 785
354, 789
389, 789
424, 789
457, 789
483, 791
513, 792
541, 794
570, 795
606, 795
642, 795
672, 796
700, 798
725, 801
744, 802
755, 804
762, 805
764, 805
767, 805
771, 805
773, 805
775, 802
780, 798
785, 790
789, 782
792, 772
794, 759
797, 738
799, 717
798, 700
797, 682
797, 657
798, 628
800, 603
802, 578
805, 556
806, 535
807, 518
808, 503
808, 487
808, 471
808, 455
807, 437
806, 418
804, 401
804, 385
804, 369
804, 356
804, 346
803, 338
801, 331
799, 326
795, 321
791, 318
786, 315
775, 311
748, 306
717, 302
689, 298
658, 295
628, 295
605, 295
588, 295
570, 294
548, 294
521, 292
490, 290
453, 290
426, 289
403, 288
377, 288
358, 288
345, 287
335, 287
322, 288
314, 288
307, 289
301, 289
297, 290
296, 291
296, 292
294, 294
292, 299
288, 313
286, 328
284, 344
286, 367
287, 393
291, 420
294, 438
298, 455
300, 468
300, 479
301, 491
302, 506
303, 523
303, 541
302, 561
301, 583
300, 611
297, 641
295, 668
291, 695
289, 715
288, 731
288, 744
288, 754
287, 759
287, 763
287, 764
287, 766
288, 769
288, 770
289, 771
298, 772
318, 774
346, 775
379, 778
423, 780
470, 783
510, 785
549, 789
581, 792
608, 794
632, 795
658, 796
677, 796
692, 796
702, 796
711, 796
716, 797
720, 797
724, 797
729, 798
730, 798
732, 796
735, 787
737, 772
741, 751
744, 726
744, 697
744, 663
746, 631
748, 604
750, 577
752, 546
756, 512
759, 480
761, 453
764, 430
765, 412
766, 398
768, 386
769, 375
769, 366
770, 358
770, 352
770, 349
770, 347
770, 346
769, 346
768, 344
761, 342
748, 341
721, 341
685, 341
636, 340
582, 340
516, 340
462, 340
421, 340
387, 340
358, 340
339, 339
328, 338
319, 337
312, 337
310, 337
308, 337
304, 337
302, 337
301, 341
299, 348
297, 360
296, 378
297, 397
298, 421
300, 444
301, 471
303, 500
303, 532
303, 563
303, 594
303, 628
305, 658
305, 680
304, 693
304, 702
302, 712
300, 723
298, 730
297, 736
296, 742
294, 747
294, 750
293, 752
295, 754
303, 757
319, 759
345, 761
374, 764
400, 765
424, 764
445, 764
470, 764
500, 766
528, 767
554, 767
583, 769
617, 769
640, 769
655, 768
669, 768
676, 769
682, 769
690, 770
701, 772
709, 772
715, 772
725, 772
734, 772
740, 772
745, 772
752, 773
756, 773
758, 767
760, 757
762, 741
763, 722
765, 695
767, 661
768, 631
768, 602
768, 575
769, 553
771, 528
772, 502
774, 476
777, 449
779, 424
780, 405
782, 385
783, 367
784, 351
784, 338
784, 325
784, 313
784, 303
784, 293
784, 285
784, 280
784, 277
784, 276
783, 274
782, 272
779, 271
773, 271
761, 270
741, 269
713, 270
671, 272
635, 273
612, 273
590, 273
557, 273
521, 273
497, 273
478, 273
457, 273
434, 273
412, 273
389, 273
366, 274
343, 275
325, 275
307, 275
288, 274
267, 274
246, 273
227, 273
214, 273
203, 273
194, 273
191, 273
189, 273
185, 274
177, 275
172, 275
170, 276
169, 276
167, 278
167, 279
168, 282
169, 286
170, 291
171, 296
171, 303
172, 312
174, 322
177, 334
179, 345
180, 357
181, 370
181, 383
182, 398
183, 412
184, 428
184, 445
184, 457
184, 470
184, 481
183, 492
183, 501
183, 509
184, 518
185, 526
185, 536
186, 544
186, 553
187, 563
187, 575
188, 587
188, 600
188, 618
188, 636
188, 654
189, 668
189, 683
190, 693
190, 703
191, 710
191, 719
192, 728
192, 737
192, 745
192, 752
192, 758
192, 763
192, 770
191, 776
191, 781
191, 786
191, 789
191, 791
191, 794
192, 795
193, 796
195, 798
199, 799
206, 800
217, 802
234, 803
252, 804
275, 804
297, 805
318, 807
340, 807
361, 809
384, 809
405, 809
431, 809
455, 810
477, 811
497, 812
514, 812
531, 812
547, 813
563, 814
581, 816
601, 818
626, 821
654, 823
677, 824
697, 825
710, 825
717, 825
723, 825
727, 825
730, 824
733, 822
736, 819
738, 815
741, 809
744, 801
747, 792
749, 779
752, 762
754, 746
755, 728
755, 710
756, 695
756, 680
755, 665
755, 650
755, 633
756, 617
757, 602
758, 586
759, 571
760, 554
761, 540
764, 524
766, 508
768, 493
769, 480
770, 466
772, 451
775, 433
776, 419
777, 403
778, 386
779, 374
779, 363
779, 355
778, 347
778, 339
778, 333
777, 326
777, 321
776, 315
776, 309
776, 302
776, 295
775, 286
775, 278
773, 271
773, 267
772, 263
771, 260
768, 257
766, 254
762, 251
757, 249
751, 247
744, 246
736, 245
722, 243
709, 242
694, 241
676, 240
660, 240
646, 240
634, 240
624, 241
615, 241
605, 241
594, 241
581, 241
566, 240
549, 240
533, 240
517, 240
498, 239
482, 239
469, 239
455, 239
440, 239
428, 239
417, 240
407, 240
400, 240
394, 240
387, 240
379, 240
366, 240
350, 241
332, 241
320, 241
309, 241
296, 241
284, 241
270, 241
257, 241
248, 241
239, 241
232, 242
225, 242
219, 243
215, 244
211, 245
209, 247
206, 250
202, 253
198, 258
194, 266
189, 274
186, 283
184, 291
182, 300
181, 310
179, 322
178, 336
177, 351
177, 369
177, 385
178, 399
179, 414
180, 429
181, 446
182, 463
183, 480
184, 496
185, 510
186, 524
188, 539
188, 553
187, 569
186, 585
186, 600
185, 614
185, 627
185, 641
184, 654
184, 667
184, 681
184, 693
184, 704
185, 715
185, 726
187, 736
187, 744
188, 751
190, 758
193, 766
195, 773
199, 778
202, 783
206, 787
211, 791
218, 797
226, 801
238, 806
252, 810
267, 813
283, 817
300, 820
317, 821
334, 822
354, 824
371, 824
389, 824
407, 824
425, 825
439, 827
453, 829
467, 832
482, 834
495, 835
512, 837
527, 839
545, 841
563, 843
579, 844
594, 846
613, 847
624, 848
635, 848
644, 847
655, 845
666, 843
676, 842
684, 841
689, 840
693, 839
698, 836
703, 834
710, 830
715, 827
719, 823
723, 820
726, 816
729, 811
733, 804
737, 795
740, 785
742, 771
744, 755
746, 737
747, 722
747, 704
747, 688
747, 670
746, 651
744, 636
743, 622
742, 608
741, 594
740, 582
739, 569
739, 559
739, 549
739, 538
740, 529
741, 517
741, 506
743, 494
745, 481
746, 468
747, 456
749, 443
749, 432
751, 421
752, 410
753, 399
754, 387
754, 376
756, 366
756, 358
756, 351
757, 343
757, 336
757, 328
757, 318
758, 311
758, 304
759, 300
758, 298
758, 296
757, 295
755, 293
751, 291
743, 289
730, 287
710, 283
687, 280
658, 276
633, 272
601, 269
572, 268
539, 264
509, 262
479, 259
452, 258
426, 258
406, 257
388, 257
370, 257
350, 256
331, 255
311, 255
295, 255
281, 255
268, 255
256, 255
244, 257
232, 258
223, 258
218, 259
216, 259
215, 260
214, 260
212, 261
209, 265
206, 272
201, 281
197, 292
194, 306
191, 320
189, 339
189, 358
187, 380
186, 399
185, 418
184, 435
184, 452
182, 470
182, 489
180, 507
180, 528
182, 546
182, 560
183, 572
183, 589
183, 604
183, 621
183, 639
184, 656
186, 670
186, 683
188, 696
188, 706
189, 716
190, 727
190, 742
190, 754
192, 766
192, 775
193, 783
193, 788
195, 793
195, 794
195, 796
195, 797
196, 797
197, 798
200, 800
205, 801
214, 803
230, 805
252, 807
279, 809
309, 810
339, 813
366, 816
390, 818
415, 820
439, 822
461, 823
484, 824
502, 825
521, 825
544, 827
563, 827
581, 827
600, 828
616, 829
633, 830
655, 833
675, 834
693, 835
710, 837
723, 837
732, 837
741, 838
750, 838
757, 837
760, 837
761, 837
761, 835
763, 831
765, 825
767, 816
771, 803
773, 786
775, 769
777, 749
777, 731
777, 707
777, 687
777, 665
777, 644
778, 623
779, 601
780, 577
781, 554
783, 532
784, 514
785, 495
786, 478
788, 459
789, 444
789, 431
789, 419
789, 408
789, 399
789, 387
790, 374
790, 358
790, 342
790, 325
789, 310
789, 297
789, 286
789, 275
789, 264
789, 253
787, 241
787, 234
787, 227
786, 219
786, 211
786, 206
786, 200
785, 195
785, 192
785, 189
784, 189
784, 188
782, 187
777, 184
767, 182
754, 180
739, 178
721, 177
705, 177
684, 175
660, 174
629, 172
603, 171
570, 169
546, 169
522, 169
500, 169
478, 168
459, 167
440, 167
424, 167
411, 167
397, 167
383, 167
366, 167
350, 167
330, 167
314, 167
295, 167
280, 167
260, 168
241, 169
224, 170
208, 171
191, 171
179, 171
170, 172
161, 173
154, 173
147, 173
142, 174
137, 175
136, 176
135, 176
133, 178
131, 181
129, 187
128, 195
127, 205
127, 216
126, 227
127, 240
127, 256
128, 274
129, 293
129, 314
129, 334
129, 354
130, 372
132, 390
132, 408
132, 428
132, 444
132, 462
132, 478
132, 493
132, 509
132, 526
131, 543
130, 559
130, 574
128, 591
127, 605
125, 618
124, 629
124, 641
123, 651
122, 662
122, 672
122, 682
121, 692
121, 704
121, 714
120, 725
120, 736
120, 748
119, 759
119, 770
119, 780
119, 790
118, 797
118, 805
117, 812
117, 819
117, 825
116, 830
116, 834
116, 836
117, 839
119, 841
121, 843
126, 844
136, 844
154, 846
174, 848
200, 850
225, 851
250, 853
273, 855
297, 858
315, 860
335, 861
353, 862
372, 864
390, 866
411, 868
429, 869
452, 869
472, 869
489, 869
506, 869
526, 869
544, 870
563, 871
578, 872
594, 874
606, 874
618, 876
631, 876
645, 876
657, 877
669, 877
679, 878
688, 878
696, 879
706, 880
716, 880
724, 880
731, 880
736, 880
738, 879
739, 879
740, 879
742, 879
743, 879
744, 878
745, 876
746, 873
747, 868
748, 864
749, 858
750, 851
750, 842
750, 831
750, 819
750, 807
750, 796
749, 782
748, 770
748, 757
748, 743
748, 728
748, 712
750, 694
751, 678
752, 661
753, 643
753, 628
753, 609
753, 594
754, 579
754, 565
753, 549
753, 536
751, 520
750, 505
748, 492
747, 479
744, 466
742, 454
740, 443
738, 434
738, 427
738, 421
737, 413
736, 406
734, 399
733, 390
731, 382
729, 375
728, 368
727, 359
727, 347
727, 331
726, 316
725, 304
725, 294
724, 284
724, 277
723, 270
722, 264
721, 260
721, 256
721, 253
721, 249
721, 246
720, 244
720, 241
719, 239
719, 237
719, 235
718, 233
717, 232
716, 230
712, 228
704, 225
692, 221
680, 220
666, 219
650, 218
635, 217
616, 216
596, 215
572, 214
547, 213
524, 211
503, 209
482, 206
459, 204
436, 203
408, 202
380, 202
353, 201
327, 200
306, 199
290, 199
273, 198
256, 198
240, 198
226, 198
212, 198
200, 197
190, 197
181, 197
173, 197
169, 197
165, 198
161, 198
156, 198
151, 199
147, 200
145, 200
145, 201
144, 205
142, 213
141, 226
140, 243
138, 261
137, 277
137, 288
137, 300
138, 316
140, 332
141, 347
141, 362
141, 375
141, 393
141, 413
143, 434
143, 455
143, 482
141, 509
139, 532
139, 552
139, 568
139, 585
138, 602
135, 625
132, 646
132, 662
132, 674
133, 686
134, 698
136, 712
138, 728
139, 745
140, 759
142, 771
143, 781
144, 791
145, 801
146, 809
145, 816
144, 822
144, 827
144, 830
144, 834
144, 836
144, 838
144, 839
147, 839
153, 840
163, 842
179, 844
197, 846
217, 850
241, 854
271, 858
312, 862
346, 865
380, 868
412, 873
435, 876
459, 879
480, 881
508, 884
538, 886
564, 887
587, 889
610, 890
628, 890
646, 890
663, 890
675, 890
687, 890
694, 890
699, 890
706, 890
713, 889
721, 889
728, 889
733, 889
740, 889
748, 889
757, 889
763, 889
765, 889
766, 889
767, 889
768, 889
769, 889
771, 886
773, 881
777, 873
780, 863
783, 849
786, 835
789, 815
794, 794
797, 773
799, 749
800, 730
802, 706
803, 683
805, 656
805, 631
805, 605
805, 581
805, 560
805, 540
805, 523
805, 507
805, 492
804, 478
803, 463
803, 450
803, 435
803, 422
803, 409
802, 396
801, 383
801, 371
801, 361
800, 349
799, 338
799, 329
798, 319
797, 309
796, 300
796, 290
796, 281
795, 270
795, 260
795, 250
795, 243
795, 237
794, 234
794, 232
794, 231
794, 230
793, 230
793, 228
792, 227
789, 226
783, 223
774, 221
762, 220
742, 220
721, 221
701, 221
675, 221
648, 220
623, 216
599, 214
582, 212
564, 211
545, 210
524, 209
501, 208
475, 207
451, 205
428, 203
406, 202
383, 201
359, 201
338, 201
318, 201
298, 200
277, 198
257, 197
236, 196
221, 195
211, 195
208, 195
205, 195
202, 196
201, 196
200, 196
197, 197
195, 197
193, 198
192, 198
192, 200
191, 205
189, 210
187, 216
187, 224
187, 233
187, 245
188, 261
189, 278
189, 298
189, 318
189, 340
188, 361
187, 382
187, 401
187, 422
187, 443
187, 464
187, 485
185, 501
185, 518
185, 531
185, 548
186, 565
187, 583
187, 603
187, 625
187, 648
188, 668
189, 692
190, 712
191, 730
191, 747
191, 766
191, 781
192, 793
193, 802
194, 809
194, 814
194, 817
194, 820
195, 822
195, 824
196, 825
197, 827
200, 829
205, 831
213, 832
229, 834
249, 836
271, 836
297, 839
319, 841
350, 844
379, 846
409, 849
436, 852
465, 855
498, 857
529, 859
561, 862
590, 865
616, 868
638, 870
656, 871
668, 872
681, 872
694, 871
708, 871
720, 871
729, 871
735, 871
739, 871
742, 871
745, 871
748, 872
752, 872
756, 872
758, 872
760, 871
761, 871
762, 871
764, 870
765, 868
766, 864
769, 860
772, 852
777, 842
781, 829
783, 814
784, 800
785, 785
785, 767
786, 748
787, 729
788, 708
789, 690
789, 674
789, 653
789, 633
790, 611
791, 592
793, 571
795, 551
798, 533
799, 515
800, 498
801, 481
803, 463
804, 444
804, 426
805, 410
805, 397
805, 388
805, 380
805, 369
804, 360
803, 350
803, 342
802, 334
802, 326
802, 318
801, 311
801, 306
801, 300
801, 293
800, 287
800, 282
799, 277
799, 271
799, 267
799, 265
798, 264
798, 263
796, 262
790, 261
778, 259
762, 259
746, 259
727, 259
711, 259
690, 259
664, 258
633, 257
608, 256
589, 256
574, 255
557, 254
540, 253
520, 252
504, 252
490, 251
477, 251
462, 251
448, 251
427, 250
404, 249
385, 248
364, 246
343, 245
325, 244
307, 244
288, 244
270, 244
251, 244
236, 244
227, 244
222, 245
219, 245
218, 248
216, 253
215, 260
212, 271
210, 287
208, 306
207, 324
205, 343
205, 360
205, 378
205, 397
204, 415
204, 432
204, 449
206, 471
209, 489
211, 507
212, 524
213, 543
215, 565
216, 580
217, 602
218, 620
219, 639
219, 656
219, 672
220, 690
221, 710
222, 725
222, 740
222, 753
222, 764
222, 773
222, 782
221, 789
220, 793
219, 797
219, 800
218, 804
218, 807
217, 811
216, 815
216, 819
216, 823
216, 825
216, 826
218, 828
220, 830
224, 831
232, 832
242, 832
254, 832
272, 833
291, 834
316, 835
340, 835
368, 836
400, 837
432, 839
463, 842
493, 844
524, 845
550, 846
575, 849
597, 851
620, 853
644, 856
662, 857
679, 859
690, 860
699, 862
708, 862
717, 863
726, 864
732, 864
736, 864
739, 864
742, 863
743, 863
743, 862
744, 862
745, 860
747, 857
748, 853
750, 847
752, 837
754, 825
755, 813
756, 801
756, 786
756, 774
756, 759
754, 745
754, 730
754, 713
753, 694
753, 676
752, 657
751, 637
751, 618
752, 598
753, 574
753, 556
753, 534
754, 515
754, 494
755, 476
756, 455
758, 436
759, 418
760, 404
760, 392
760, 382
760, 375
760, 369
760, 364
760, 358
760, 352
760, 347
759, 341
759, 337
759, 331
759, 325
758, 318
758, 310
758, 304
758, 299
758, 295
757, 292
757, 291
757, 290
757, 289
754, 287
747, 286
737, 283
724, 282
710, 282
696, 282
680, 282
657, 282
628, 282
599, 281
573, 279
554, 277
538, 276
523, 274
505, 273
485, 273
466, 272
446, 271
425, 271
405, 270
384, 269
365, 269
346, 269
325, 269
304, 269
283, 269
271, 269
265, 269
262, 269
260, 269
259, 269
256, 269
249, 269
241, 271
234, 271
230, 272
228, 273
225, 273
222, 274
220, 275
219, 276
218, 280
216, 286
214, 294
213, 304
212, 314
211, 323
211, 333
210, 345
210, 359
210, 377
210, 394
210, 415
208, 437
205, 457
204, 477
203, 498
202, 517
199, 538
198, 553
197, 570
197, 584
196, 599
195, 612
195, 624
195, 636
195, 649
196, 662
197, 675
199, 688
201, 703
204, 716
207, 729
210, 739
213, 749
215, 761
218, 770
219, 777
220, 782
222, 786
222, 790
222, 794
223, 800
223, 803
223, 805
226, 806
231, 806
234, 806
235, 804
235, 805
235, 806
235, 807
235, 808
235, 809
235, 811
235, 814
235, 816
235, 818
235, 820
235, 823
235, 825
235, 826
236, 826
238, 826
244, 827
254, 828
268, 830
288, 832
308, 833
327, 834
354, 835
379, 837
402, 838
425, 840
447, 842
467, 843
490, 844
514, 846
536, 847
557, 849
578, 851
593, 854
612, 855
631, 856
650, 858
669, 859
685, 860
698, 861
711, 863
724, 864
736, 865
747, 866
756, 866
765, 866
772, 866
779, 867
786, 868
792, 868
794, 868
796, 866
796, 864
797, 858
800, 848
802, 837
803, 818
805, 801
808, 780
811, 760
813, 738
815, 714
819, 681
825, 646
833, 610
841, 573
849, 539
856, 503
863, 475
867, 447
870, 422
873, 400
875, 378
877, 360
877, 343
879, 332
879, 319
878, 309
877, 298
876, 289
874, 280
873, 274
872, 267
870, 261
869, 257
868, 254
867, 251
866, 248
865, 245
864, 243
864, 242
863, 241
863, 240
862, 240
861, 239
857, 239
850, 238
839, 237
825, 236
804, 236
781, 236
759, 236
731, 236
707, 236
682, 236
655, 236
630, 236
602, 236
574, 236
542, 236
514, 236
486, 236
461, 236
436, 236
414, 236
395, 236
382, 236
369, 235
357, 234
347, 234
331, 234
318, 235
309, 235
303, 235
300, 235
298, 235
296, 234
290, 234
283, 234
275, 235
269, 235
265, 235
262, 236
258, 236
251, 236
246, 236
244, 236
241, 236
239, 237
235, 237
231, 237
229, 237
229, 238
228, 241
228, 244
228, 251
226, 262
224, 277
222, 295
222, 313
219, 334
216, 355
214, 377
214, 396
214, 417
213, 435
213, 453
213, 470
212, 488
212, 508
212, 528
213, 547
214, 565
214, 584
214, 602
214, 619
214, 635
214, 650
214, 665
214, 682
214, 700
213, 718
212, 736
211, 751
211, 763
211, 774
211, 783
211, 790
211, 797
210, 802
210, 810
210, 817
210, 825
210, 834
211, 840
213, 845
214, 848
217, 853
221, 856
227, 858
237, 860
251, 861
271, 861
296, 863
329, 866
360, 869
399, 872
430, 875
465, 878
492, 880
513, 882
532, 883
551, 883
572, 883
588, 883
604, 883
621, 883
638, 885
657, 885
675, 887
695, 888
713, 889
730, 889
745, 890
756, 890
764, 890
770, 889
775, 889
779, 888
783, 887
787, 887
790, 887
792, 887
793, 887
793, 886
794, 886
794, 885
795, 883
795, 881
796, 876
798, 867
799, 853
800, 833
800, 816
800, 800
802, 785
802, 768
802, 748
802, 729
802, 709
805, 688
808, 667
811, 645
814, 622
816, 601
819, 578
820, 557
821, 537
821, 516
821, 500
821, 482
821, 465
820, 447
819, 431
818, 415
817, 402
817, 387
815, 373
814, 358
812, 346
812, 335
811, 323
811, 313
809, 303
809, 294
807, 287
807, 282
807, 277
806, 274
806, 271
806, 268
805, 266
805, 264
805, 262
804, 261
804, 260
803, 259
803, 260
798, 258
778, 257
732, 254
687, 254
652, 258
617, 257
580, 258
549, 260
514, 261
475, 261
431, 261
403, 261
380, 260
360, 259
343, 259
326, 259
312, 259
288, 259
265, 260
245, 260
230, 260
223, 261
209, 264
195, 275
191, 290
187, 317
186, 356
185, 401
186, 446
186, 474
188, 502
190, 529
191, 558
195, 600
197, 643
198, 690
201, 736
201, 770
201, 791
201, 802
200, 817
200, 835
207, 850
217, 860
236, 869
278, 879
327, 885
383, 890
432, 895
476, 899
526, 900
569, 900
616, 902
663, 902
691, 902
711, 902
729, 902
745, 902
761, 902
766, 901
770, 896
777, 881
783, 857
789, 823
792, 778
794, 733
796, 692
796, 650
797, 608
799, 573
801, 536
803, 500
804, 462
806, 423
806, 383
808, 347
808, 321
808, 304
807, 290
804, 278
801, 269
799, 265
791, 264
763, 264
720, 263
673, 262
619, 260
556, 261
494, 262
438, 261
396, 260
372, 260
358, 260
341, 260
315, 260
296, 260
283, 260
279, 261
270, 263
261, 267
253, 271
245, 280
237, 296
231, 318
229, 353
228, 393
227, 436
225, 488
225, 541
225, 572
226, 604
224, 647
224, 684
228, 719
233, 755
234, 781
237, 813
243, 834
245, 842
251, 851
270, 860
310, 868
367, 875
420, 879
466, 884
514, 884
550, 884
589, 886
614, 884
648, 883
689, 883
717, 883
755, 885
780, 885
785, 883
793, 878
801, 866
811, 841
820, 798
823, 754
823, 703
823, 642
824, 586
827, 534
832, 485
834, 449
836, 421
836, 398
836, 372
834, 340
834, 311
833, 278
832, 256
832, 244
831, 239
829, 236
810, 230
774, 225
739, 221
688, 219
626, 216
559, 210
509, 209
469, 205
437, 204
410, 205
368, 207
341, 208
307, 211
281, 215
258, 218
231, 219
196, 222
163, 226
146, 227
142, 233
130, 259
122, 294
118, 345
117, 390
122, 434
124, 480
124, 527
124, 579
122, 631
122, 671
124, 703
125, 733
128, 766
135, 791
143, 808
150, 826
164, 843
194, 854
236, 861
291, 869
352, 878
404, 882
461, 886
511, 886
555, 887
608, 889
656, 891
701, 891
745, 892
778, 891
793, 890
802, 889
808, 886
815, 874
825, 847
832, 807
834, 762
834, 710
834, 658
833, 607
832, 557
832, 513
832, 472
833, 441
834, 410
835, 380
835, 352
835, 333
834, 313
833, 295
832, 280
830, 269
829, 262
828, 259
824, 254
813, 247
780, 238
737, 233
693, 231
651, 230
603, 229
554, 229
489, 229
416, 228
341, 226
302, 221
275, 219
257, 222
240, 227
228, 237
220, 252
213, 277
209, 307
209, 334
209, 366
205, 406
200, 448
197, 491
194, 528
189, 564
186, 605
185, 641
190, 686
193, 722
194, 760
195, 789
199, 799
211, 806
246, 816
303, 827
374, 834
436, 839
483, 843
527, 844
584, 845
627, 850
668, 854
713, 858
741, 859
747, 859
752, 854
758, 835
769, 796
773, 747
772, 689
769, 636
764, 582
763, 527
763, 472
763, 427
764, 385
766, 346
766, 318
767, 298
767, 280
769, 265
768, 257
763, 252
745, 246
704, 239
635, 234
559, 231
491, 231
429, 231
369, 230
293, 230
222, 230
192, 230
174, 230
172, 231
164, 243
160, 269
160, 318
158, 374
155, 434
153, 491
145, 556
139, 618
139, 687
141, 734
147, 757
155, 771
168, 783
197, 795
254, 808
324, 818
397, 826
471, 830
547, 834
611, 837
666, 838
705, 840
734, 839
754, 837
760, 834
769, 820
781, 783
788, 733
789, 677
787, 622
783, 571
781, 521
779, 475
779, 432
780, 390
781, 358
781, 333
780, 304
775, 280
771, 268
769, 265
758, 261
721, 256
667, 253
611, 250
558, 249
508, 249
448, 248
370, 247
295, 244
236, 242
202, 242
195, 243
188, 251
177, 273
169, 301
167, 341
165, 379
169, 425
173, 474
176, 515
174, 559
173, 601
172, 631
171, 659
171, 687
174, 713
181, 748
189, 779
199, 807
213, 826
232, 836
273, 842
332, 846
407, 856
493, 862
565, 865
618, 868
666, 869
708, 871
746, 873
762, 873
770, 870
776, 861
786, 838
791, 798
792, 751
787, 712
780, 670
772, 626
766, 579
764, 532
763, 487
763, 451
764, 422
766, 394
768, 365
770, 336
770, 314
770, 299
770, 291
769, 288
764, 284
748, 279
716, 273
661, 267
604, 264
552, 262
485, 262
415, 262
347, 261
276, 264
231, 263
211, 262
205, 263
199, 271
190, 296
186, 328
186, 363
188, 409
194, 460
198, 501
200, 548
201, 591
201, 630
199, 668
197, 705
195, 731
195, 756
194, 776
195, 794
199, 812
207, 826
219, 835
247, 843
299, 850
370, 854
432, 857
505, 858
583, 858
655, 856
715, 855
754, 856
781, 859
796, 859
800, 857
804, 842
812, 804
813, 753
809, 696
805, 642
802, 604
799, 563
799, 525
799, 491
801, 458
803, 426
804, 396
805, 374
806, 352
807, 328
810, 305
809, 294
807, 289
803, 286
783, 282
741, 278
680, 277
617, 274
578, 270
528, 267
464, 264
391, 261
317, 260
260, 259
216, 259
190, 261
187, 262
181, 279
175, 314
173, 364
173, 411
173, 457
173, 519
173, 579
173, 640
178, 691
182, 738
186, 771
192, 796
197, 815
203, 821
214, 826
249, 832
317, 838
392, 842
463, 845
545, 846
627, 852
695, 857
745, 860
776, 862
792, 862
796, 858
803, 842
813, 796
816, 729
817, 659
812, 591
805, 537
797, 494
795, 455
792, 420
792, 389
792, 366
793, 344
795, 325
796, 310
796, 302
796, 300
795, 297
787, 295
755, 292
716, 289
666, 286
605, 283
543, 280
482, 279
429, 278
382, 276
330, 276
267, 273
223, 273
193, 273
181, 273
174, 275
160, 283
155, 298
151, 333
151, 378
158, 428
161, 473
167, 525
168, 573
166, 614
167, 657
170, 700
174, 731
179, 756
181, 780
186, 807
193, 821
200, 828
226, 838
285, 847
374, 853
462, 857
536, 859
603, 861
662, 863
708, 867
745, 869
768, 869
778, 868
781, 866
785, 860
791, 841
796, 811
797, 767
796, 718
792, 674
787, 620
784, 573
781, 529
779, 479
776, 425
771, 388
770, 362
767, 332
765, 309
763, 283
761, 257
759, 239
758, 230
757, 224
749, 224
729, 227
682, 232
633, 235
575, 231
512, 230
458, 230
408, 229
357, 229
311, 229
277, 229
251, 229
230, 230
218, 232
212, 236
202, 248
189, 270
181, 308
167, 358
160, 414
158, 466
157, 529
163, 579
169, 615
178, 651
182, 678
186, 708
188, 732
188, 760
188, 777
187, 789
186, 799
185, 811
185, 815
187, 815
198, 813
213, 812
239, 810
288, 813
353, 823
416, 826
468, 830
519, 832
579, 835
621, 835
660, 835
693, 836
723, 838
748, 840
749, 839
753, 827
762, 796
767, 746
773, 701
774, 656
777, 614
780, 566
783, 515
788, 462
792, 419
795, 386
796, 362
796, 340
793, 314
791, 287
789, 269
786, 252
783, 238
782, 231
779, 229
763, 223
723, 216
665, 207
566, 199
484, 195
419, 194
378, 193
332, 193
279, 194
256, 194
242, 196
221, 198
207, 201
195, 206
188, 214
184, 228
179, 266
178, 314
178, 358
180, 423
180, 469
177, 517
174, 576
172, 618
171, 664
169, 715
169, 762
176, 791
187, 812
208, 827
253, 837
336, 845
454, 854
569, 860
651, 865
719, 871
768, 877
790, 878
801, 876
805, 869
817, 835
826, 777
827, 719
829, 662
829, 597
832, 542
839, 481
847, 425
854, 376
857, 332
860, 292
860, 264
854, 246
845, 233
836, 227
808, 217
746, 208
680, 205
606, 203
532, 202
477, 203
418, 203
349, 203
269, 204
206, 203
190, 203
189, 203
184, 209
175, 232
171, 270
170, 326
170, 402
159, 485
155, 563
153, 615
150, 656
145, 694
142, 736
142, 773
143, 806
146, 826
151, 837
171, 846
226, 853
326, 860
449, 869
529, 873
605, 875
666, 876
728, 880
785, 884
813, 886
819, 868
825, 822
826, 759
827, 699
828, 650
828, 602
830, 549
832, 495
834, 437
837, 392
838, 356
837, 325
837, 308
837, 295
836, 281
836, 271
835, 258
832, 244
830, 238
830, 237
827, 237
801, 232
734, 230
641, 231
555, 233
486, 237
431, 240
373, 242
325, 245
288, 245
254, 245
230, 247
222, 250
216, 255
207, 272
193, 304
181, 341
177, 388
170, 436
163, 482
161, 533
161, 574
162, 618
166, 670
169, 708
173, 748
181, 785
189, 809
209, 835
244, 856
294, 871
364, 883
443, 889
515, 895
591, 903
664, 907
729, 909
772, 907
782, 903
787, 895
797, 877
808, 835
813, 770
814, 712
817, 641
819, 578
822, 521
824, 464
828, 409
829, 370
829, 333
829, 306
824, 281
818, 262
816, 257
810, 254
769, 250
688, 247
580, 244
483, 242
409, 241
345, 239
297, 238
241, 237
210, 238
194, 238
193, 239
191, 242
184, 260
183, 289
182, 322
183, 364
188, 408
189, 445
194, 494
197, 540
198, 573
200, 610
201, 639
199, 669
199, 691
199, 713
199, 737
200, 754
200, 769
199, 774
199, 784
201, 795
206, 806
217, 816
231, 824
268, 831
346, 838
451, 842
546, 847
629, 847
693, 839
736, 836
764, 834
778, 831
775, 829
777, 824
779, 807
782, 775
785, 744
782, 716
780, 686
780, 646
778, 600
775, 566
774, 523
778, 475
784, 424
788, 374
790, 336
789, 310
789, 292
789, 290
788, 289
781, 284
758, 277
714, 270
667, 269
621, 270
573, 272
517, 270
459, 268
405, 267
350, 266
322, 267
305, 271
289, 277
280, 285
268, 300
261, 318
255, 341
249, 372
245, 407
247, 464
249, 501
254, 518
259, 538
260, 565
259, 581
250, 611
242, 633
236, 648
231, 668
231, 701
237, 741
240, 782
242, 806
242, 826
242, 834
246, 835
268, 835
324, 834
397, 834
471, 840
531, 843
588, 845
644, 848
706, 851
752, 853
771, 851
782, 849
783, 847
788, 833
791, 789
791, 740
792, 679
793, 615
795, 553
796, 493
798, 429
802, 370
805, 328
806, 298
806, 278
806, 271
806, 269
806, 268
796, 265
755, 262
674, 258
559, 252
434, 246
331, 243
256, 240
234, 239
233, 247
228, 273
227, 327
227, 398
226, 480
226, 546
230, 612
233, 663
234, 703
229, 745
226, 778
224, 801
223, 813
223, 823
227, 828
247, 834
310, 839
399, 840
489, 845
565, 849
636, 851
709, 851
756, 854
767, 855
769, 856
779, 858
783, 848
788, 797
795, 721
800, 624
793, 515
793, 443
791, 382
791, 336
793, 310
793, 290
793, 274
793, 266
793, 264
786, 263
741, 260
651, 255
522, 249
400, 243
301, 237
247, 234
225, 233
224, 233
224, 238
226, 274
226, 334
225, 392
227, 469
230, 538
232, 595
233, 652
232, 698
231, 735
228, 766
227, 791
225, 812
224, 825
224, 826
224, 828
230, 834
263, 837
351, 840
479, 847
590, 853
675, 859
736, 864
782, 866
802, 867
803, 867
803, 855
806, 813
808, 745
808, 658
812, 564
813, 486
816, 416
816, 366
813, 330
811, 306
808, 290
805, 278
803, 271
801, 270
784, 267
736, 264
641, 259
516, 254
409, 249
312, 242
285, 241
277, 241
268, 241
263, 248
256, 276
250, 329
247, 401
248, 492
247, 576
244, 659
245, 715
249, 754
252, 783
253, 799
253, 811
253, 816
253, 825
254, 836
254, 839
255, 840
258, 842
288, 845
391, 850
557, 860
696, 872
780, 881
819, 884
821, 883
821, 881
820, 848
820, 725
820, 549
816, 413
803, 326
800, 287
798, 262
797, 256
797, 255
797, 254
771, 251
644, 245
461, 237
326, 229
273, 226
263, 226
261, 243
262, 324
275, 483
271, 603
263, 666
260, 709
258, 731
256, 755
254, 786
253, 821
259, 850
260, 853
265, 851
309, 848
422, 847
547, 862
637, 873
711, 879
749, 880
753, 879
754, 879
778, 881
820, 886
835, 888
835, 884
835, 852
833, 792
831, 717
833, 646
831, 577
829, 521
827, 472
824, 420
824, 380
824, 334
825, 295
825, 270
824, 261
824, 259
822, 259
789, 252
706, 238
597, 230
481, 225
394, 225
327, 225
266, 225
236, 223
234, 223
234, 225
233, 255
228, 329
231, 434
235, 544
233, 632
233, 699
235, 747
233, 794
232, 824
233, 834
236, 838
268, 848
356, 859
487, 868
623, 880
725, 886
792, 888
818, 889
819, 889
821, 886
824, 873
823, 807
819, 648
826, 469
820, 376
816, 325
816, 305
815, 295
814, 291
813, 288
808, 275
804, 263
802, 255
800, 254
774, 251
632, 241
424, 237
253, 225
173, 216
162, 213
162, 214
161, 229
162, 286
165, 396
167, 525
164, 628
163, 722
168, 781
169, 800
170, 808
171, 821
172, 830
173, 832
191, 839
304, 852
550, 874
743, 884
819, 888
838, 890
839, 884
837, 820
837, 644
833, 457
826, 319
818, 267
815, 246
815, 242
805, 240
717, 237
496, 232
275, 222
184, 214
178, 214
178, 243
176, 363
177, 537
184, 665
184, 743
184, 779
184, 784
184, 788
183, 793
182, 797
181, 805
180, 814
180, 815
188, 825
267, 846
570, 883
869, 905
947, 908
946, 908
945, 907
942, 907
937, 907
934, 905
929, 886
909, 770
887, 591
880, 438
867, 340
858, 281
857, 254
856, 233
856, 230
854, 224
821, 213
689, 206
498, 206
319, 197
217, 181
162, 176
159, 176
158, 192
158, 261
158, 425
154, 596
154, 731
160, 816
164, 848
167, 866
168, 873
185, 876
302, 887
530, 912
736, 933
858, 939
902, 941
906, 942
906, 941
910, 906
910, 774
914, 606
914, 478
894, 364
887, 296
880, 266
879, 263
878, 261
859, 252
781, 241
628, 233
495, 220
401, 207
346, 204
298, 202
266, 201
224, 201
199, 201
192, 202
188, 207
179, 229
172, 286
169, 351
169, 422
171, 488
172, 537
176, 593
179, 636
181, 669
186, 703
187, 726
189, 747
192, 766
195, 782
197, 791
198, 800
200, 804
202, 814
204, 826
205, 834
206, 845
206, 852
210, 853
222, 854
240, 856
261, 859
286, 861
313, 864
342, 866
375, 868
417, 871
456, 872
493, 873
525, 876
559, 878
600, 880
644, 880
691, 881
732, 883
764, 885
786, 884
800, 881
807, 879
812, 874
820, 859
834, 828
847, 785
856, 740
861, 693
862, 642
859, 593
853, 547
842, 501
829, 451
820, 410
814, 377
810, 350
807, 331
807, 320
806, 309
806, 297
805, 288
804, 282
800, 277
787, 269
757, 261
706, 258
646, 256
594, 253
548, 247
502, 243
458, 239
418, 237
370, 235
328, 234
292, 232
273, 231
264, 231
258, 231
256, 231
256, 233
251, 246
244, 275
238, 323
235, 395
235, 466
235, 523
235, 583
233, 640
233, 684
233, 728
235, 759
235, 775
235, 783
235, 793
234, 800
234, 803
235, 806
243, 809
272, 812
328, 819
408, 827
495, 837
582, 846
658, 849
702, 851
734, 852
752, 852
756, 852
756, 847
761, 821
770, 741
777, 629
785, 529
786, 434
777, 362
766, 304
761, 272
759, 258
759, 255
751, 256
729, 257
662, 257
559, 252
460, 244
392, 239
345, 232
326, 230
310, 228
299, 228
296, 228
295, 237
294, 272
290, 362
288, 482
284, 605
279, 686
273, 754
271, 804
271, 836
272, 845
272, 849
271, 851
272, 851
282, 851
312, 853
384, 858
483, 868
586, 881
657, 891
702, 897
741, 897
757, 897
760, 892
762, 863
763, 768
761, 656
767, 524
761, 413
748, 341
743, 307
739, 284
737, 272
737, 271
735, 271
720, 271
675, 272
559, 268
442, 260
368, 254
333, 250
325, 249
324, 249
321, 250
317, 254
312, 265
308, 294
300, 351
293, 417
288, 498
286, 578
285, 640
281, 687
278, 725
274, 752
273, 772
273, 785
273, 795
273, 803
273, 809
274, 817
276, 826
278, 830
279, 832
284, 834
306, 837
355, 842
449, 851
559, 861
667, 868
734, 875
761, 879
766, 881
766, 875
766, 839
763, 754
762, 645
772, 540
779, 440
779, 368
776, 328
773, 316
773, 313
772, 309
769, 300
768, 293
766, 289
765, 286
764, 283
758, 280
730, 272
649, 260
538, 254
422, 247
319, 242
254, 241
227, 241
219, 241
219, 243
219, 252
219, 273
219, 319
221, 401
228, 518
237, 613
240, 683
241, 724
244, 757
248, 781
249, 792
249, 794
249, 795
250, 798
268, 807
328, 817
460, 823
609, 829
732, 838
797, 843
809, 843
809, 836
806, 801
791, 694
781, 596
779, 484
778, 383
774, 328
771, 309
771, 307
770, 305
770, 304
760, 298
714, 290
597, 283
447, 281
331, 277
286, 272
275, 270
272, 269
272, 270
269, 277
266, 304
260, 386
254, 511
250, 625
249, 706
250, 747
253, 766
253, 777
254, 780
257, 783
286, 793
385, 809
542, 823
692, 827
787, 831
808, 833
808, 831
808, 809
808, 732
805, 607
799, 468
791, 375
784, 319
780, 294
780, 290
779, 290
772, 288
732, 280
606, 265
463, 262
360, 261
313, 261
311, 261
311, 262
309, 278
309, 330
305, 421
301, 528
301, 598
305, 650
308, 683
309, 702
309, 721
308, 736
308, 747
307, 755
307, 768
305, 783
303, 802
303, 820
304, 828
304, 829
304, 830
309, 831
326, 832
366, 833
419, 833
474, 837
521, 841
561, 843
597, 847
632, 853
664, 858
691, 860
714, 861
736, 861
753, 861
763, 861
767, 861
768, 861
768, 860
773, 845
783, 815
787, 782
785, 746
780, 708
777, 670
773, 637
767, 609
764, 594
761, 578
757, 554
751, 531
747, 507
742, 485
735, 460
730, 438
726, 421
722, 402
718, 384
717, 370
715, 355
714, 338
711, 321
710, 310
709, 299
708, 292
708, 287
708, 280
707, 270
705, 262
704, 257
702, 250
701, 247
694, 245
674, 242
644, 238
607, 233
573, 228
545, 227
520, 226
492, 226
462, 224
431, 224
395, 224
348, 223
312, 223
274, 223
234, 223
208, 223
196, 224
192, 224
191, 224
190, 225
183, 228
176, 232
174, 233
173, 235
171, 238
167, 254
158, 276
149, 303
146, 339
141, 387
137, 423
136, 451
136, 484
136, 517
136, 557
137, 597
140, 626
142, 657
142, 690
142, 722
142, 747
142, 765
142, 778
141, 790
143, 808
143, 814
144, 820
146, 824
154, 829
174, 835
210, 839
265, 841
327, 846
383, 849
430, 853
467, 855
506, 858
546, 860
577, 860
600, 861
616, 861
629, 862
641, 864
656, 866
674, 867
694, 869
712, 869
729, 870
742, 871
749, 871
754, 871
758, 871
762, 870
765, 866
770, 849
776, 816
781, 758
782, 690
779, 628
773, 583
769, 550
764, 512
762, 477
762, 445
760, 419
760, 393
760, 369
760, 344
760, 322
758, 306
757, 292
756, 280
755, 270
754, 263
754, 258
753, 254
753, 252
753, 251
750, 248
744, 244
729, 240
701, 236
655, 233
587, 228
515, 223
464, 218
421, 215
383, 214
353, 214
331, 214
300, 215
260, 219
235, 223
219, 223
211, 225
207, 227
201, 230
188, 240
175, 244
174, 241
170, 242
170, 244
168, 250
167, 255
166, 262
167, 278
165, 299
163, 318
164, 337
166, 356
166, 375
165, 398
164, 425
162, 454
161, 485
163, 521
165, 556
166, 589
170, 640
178, 698
188, 751
197, 783
202, 796
202, 800
203, 802
206, 809
219, 818
248, 827
327, 842
446, 856
563, 865
668, 873
744, 880
785, 884
804, 884
807, 885
810, 879
816, 858
829, 803
841, 706
850, 578
849, 472
845, 401
837, 346
830, 309
827, 284
826, 269
825, 257
824, 248
823, 242
822, 236
819, 231
816, 227
807, 224
777, 220
715, 216
637, 213
559, 209
488, 204
441, 204
389, 204
345, 204
305, 204
262, 206
230, 207
202, 207
177, 207
157, 207
146, 207
145, 207
143, 214
145, 242
149, 294
152, 353
159, 416
172, 491
185, 554
193, 600
201, 649
214, 701
224, 750
231, 787
234, 806
236, 818
238, 823
241, 827
254, 833
288, 837
362, 844
472, 852
583, 855
684, 855
766, 858
814, 863
830, 865
831, 865
833, 863
837, 849
841, 805
842, 719
855, 603
864, 478
860, 400
853, 352
851, 323
848, 297
846, 282
845, 279
845, 277
845, 268
843, 260
842, 258
841, 255
840, 249
837, 243
834, 240
826, 236
800, 230
753, 225
700, 221
634, 217
577, 214
519, 210
455, 205
396, 205
342, 205
279, 201
228, 198
198, 197
184, 197
183, 196
181, 203
178, 229
173, 282
169, 358
174, 450
187, 550
202, 642
213, 715
222, 761
225, 791
227, 814
227, 832
227, 842
227, 847
227, 851
227, 853
228, 855
238, 858
277, 861
373, 865
502, 870
635, 882
752, 896
829, 903
867, 905
883, 905
884, 904
886, 901
887, 899
888, 892
888, 866
885, 776
895, 646
903, 526
891, 418
874, 349
868, 315
864, 284
857, 261
856, 247
855, 236
854, 223
852, 218
846, 217
823, 215
772, 211
692, 203
607, 195
510, 190
432, 190
376, 190
327, 190
286, 190
261, 190
243, 190
234, 191
229, 193
220, 196
212, 199
209, 201
206, 209
196, 231
186, 280
180, 354
187, 428
201, 493
215, 543
221, 585
223, 618
225, 645
225, 673
225, 702
225, 732
225, 756
228, 777
230, 791
230, 801
231, 811
232, 819
236, 826
243, 834
266, 839
301, 841
353, 842
415, 843
474, 847
523, 850
571, 850
620, 852
666, 854
708, 854
751, 855
787, 856
822, 859
850, 863
870, 863
879, 863
879, 862
882, 854
890, 826
897, 778
903, 731
908, 669
916, 591
918, 540
914, 507
909, 481
908, 449
908, 419
908, 383
908, 343
907, 310
908, 279
909, 257
910, 243
910, 233
908, 224
906, 217
903, 212
897, 206
876, 197
839, 186
781, 175
707, 169
645, 166
581, 164
520, 164
462, 166
418, 168
384, 169
365, 170
353, 172
342, 175
319, 182
290, 195
268, 204
259, 210
253, 217
247, 230
240, 249
235, 265
234, 280
233, 295
232, 309
232, 322
231, 335
231, 353
229, 377
229, 403
229, 429
229, 455
229, 475
228, 488
228, 500
227, 513
225, 525
224, 539
225, 569
227, 604
230, 639
233, 656
234, 670
235, 689
235, 707
235, 720
236, 733
238, 743
242, 753
245, 762
252, 771
261, 779
271, 785
283, 789
299, 792
317, 795
337, 798
361, 801
387, 803
420, 805
452, 805
482, 805
506, 807
525, 809
548, 811
575, 811
599, 812
619, 813
639, 814
657, 814
671, 813
683, 812
693, 812
702, 812
709, 812
715, 812
724, 813
733, 813
741, 812
747, 810
753, 807
758, 802
762, 797
767, 789
772, 776
777, 759
779, 742
779, 719
781, 694
782, 670
781, 644
781, 620
780, 601
780, 581
780, 564
780, 548
781, 530
782, 510
782, 492
783, 477
783, 463
783, 448
783, 431
782, 415
782, 401
782, 385
780, 360
779, 339
778, 324
776, 309
773, 293
771, 280
768, 271
766, 265
759, 258
754, 253
749, 249
731, 244
700, 240
652, 236
613, 232
579, 228
547, 226
521, 226
499, 226
476, 226
453, 228
432, 230
415, 231
404, 231
393, 234
379, 237
367, 240
357, 243
347, 248
339, 254
330, 261
319, 272
306, 291
294, 314
285, 336
279, 360
279, 393
279, 425
279, 455
279, 479
282, 505
283, 524
283, 540
283, 560
285, 581
286, 599
287, 613
288, 630
290, 650
292, 667
292, 681
293, 697
295, 714
295, 726
297, 734
299, 744
302, 753
306, 761
311, 767
324, 773
350, 781
390, 787
432, 790
470, 794
504, 799
531, 801
551, 801
576, 803
599, 803
612, 801
626, 800
645, 799
660, 796
673, 794
690, 794
707, 794
718, 794
729, 794
740, 795
745, 794
746, 793
750, 789
756, 780
761, 771
765, 757
769, 736
770, 706
770, 675
770, 650
770, 626
771, 598
771, 567
771, 546
772, 530
773, 514
773, 493
773, 470
774, 445
775, 426
773, 408
772, 390
771, 375
767, 356
760, 336
755, 322
748, 312
742, 304
733, 294
720, 284
698, 273
671, 262
650, 258
638, 255
623, 253
604, 252
587, 252
570, 252
546, 252
516, 253
495, 257
482, 258
467, 259
453, 260
438, 263
422, 265
404, 267
390, 269
377, 272
363, 275
352, 282
342, 292
330, 312
321, 333
313, 358
308, 388
303, 422
301, 455
300, 491
300, 518
298, 547
298, 581
298, 615
300, 645
304, 672
306, 691
307, 703
307, 710
307, 718
307, 726
307, 734
306, 744
308, 753
308, 761
308, 769
309, 776
310, 781
312, 785
313, 787
318, 788
337, 788
370, 789
416, 790
459, 793
492, 794
524, 795
554, 797
583, 800
613, 802
640, 803
660, 804
679, 804
693, 804
703, 805
710, 805
719, 805
726, 805
730, 804
732, 803
734, 799
738, 785
742, 764
745, 732
744, 698
739, 666
737, 638
735, 605
732, 573
730, 543
727, 514
725, 485
725, 462
725, 442
723, 423
722, 404
720, 387
719, 374
717, 363
716, 355
715, 350
714, 345
713, 341
712, 337
710, 334
701, 327
684, 322
662, 319
635, 316
600, 312
570, 311
540, 312
506, 312
457, 311
417, 310
385, 308
360, 306
345, 306
338, 306
332, 307
329, 308
328, 308
327, 309
325, 313
322, 325
317, 350
312, 386
310, 425
312, 466
315, 517
313, 559
309, 592
309, 623
309, 655
306, 685
303, 706
303, 719
303, 728
303, 733
303, 737
307, 742
318, 747
339, 751
375, 756
437, 764
504, 767
550, 769
589, 770
625, 773
655, 775
669, 775
679, 775
690, 776
695, 777
697, 777
703, 777
713, 777
715, 777
716, 777
717, 773
720, 761
725, 737
728, 698
732, 652
736, 603
737, 540
732, 492
732, 458
729, 428
726, 389
723, 360
722, 346
721, 334
721, 326
720, 320
719, 318
718, 311
714, 305
706, 300
683, 295
656, 294
614, 292
556, 286
502, 285
454, 283
415, 281
383, 279
346, 274
327, 273
315, 272
304, 272
291, 272
288, 273
287, 273
281, 274
280, 274
280, 276
277, 287
270, 314
265, 355
265, 402
265, 441
266, 482
267, 526
268, 565
270, 599
271, 630
271, 667
271, 695
271, 708
270, 716
270, 720
271, 722
272, 723
280, 727
301, 731
335, 733
377, 734
425, 736
467, 738
502, 740
525, 741
544, 743
568, 745
597, 746
629, 746
661, 748
689, 751
709, 754
724, 756
735, 756
744, 756
748, 755
749, 755
751, 752
756, 741
761, 715
764, 676
768, 622
768, 556
764, 495
758, 458
755, 433
751, 405
744, 373
742, 356
741, 344
739, 331
736, 315
735, 308
735, 307
735, 306
728, 301
706, 295
668, 293
619, 293
560, 292
503, 288
462, 285
426, 282
399, 282
376, 280
349, 280
322, 280
297, 280
280, 280
269, 281
264, 281
262, 285
258, 305
257, 343
257, 398
262, 472
271, 558
280, 623
285, 673
287, 712
290, 747
293, 769
293, 776
293, 778
294, 780
300, 784
323, 789
367, 794
444, 803
538, 814
626, 823
691, 827
733, 829
750, 829
751, 828
753, 824
756, 810
756, 772
762, 703
767, 611
760, 526
743, 461
733, 414
727, 377
723, 352
722, 345
722, 344
721, 341
720, 337
718, 334
712, 330
692, 327
652, 327
581, 323
518, 320
461, 313
406, 309
359, 309
338, 308
330, 308
327, 308
325, 308
318, 309
304, 311
293, 311
289, 311
288, 311
288, 312
288, 313
287, 315
287, 319
287, 329
286, 346
286, 365
287, 385
289, 408
289, 425
288, 443
285, 473
280, 500
276, 521
275, 543
276, 558
277, 568
277, 580
279, 605
284, 641
289, 670
293, 699
298, 726
301, 740
301, 746
301, 750
301, 759
301, 768
301, 772
302, 774
306, 777
315, 781
333, 786
366, 788
411, 793
466, 798
525, 801
584, 802
632, 802
669, 802
698, 802
707, 802
707, 801
709, 797
711, 783
713, 752
715, 708
715, 666
715, 626
713, 590
712, 552
710, 511
706, 480
702, 450
699, 425
695, 400
693, 382
693, 363
693, 349
693, 338
693, 332
693, 327
693, 322
693, 320
689, 317
657, 306
592, 297
545, 297
504, 297
460, 295
429, 295
402, 295
373, 295
345, 297
324, 298
316, 299
314, 299
313, 299
310, 299
308, 299
304, 299
298, 299
298, 300
297, 302
296, 307
295, 310
294, 312
292, 318
290, 330
288, 352
287, 390
288, 437
291, 484
292, 528
294, 571
295, 619
297, 658
299, 686
299, 710
296, 728
295, 745
293, 758
292, 768
292, 772
292, 773
302, 777
333, 782
400, 788
483, 794
569, 802
635, 804
685, 805
712, 805
724, 805
728, 804
730, 803
731, 803
733, 801
737, 785
742, 751
748, 702
748, 649
738, 587
729, 540
722, 499
717, 454
709, 408
708, 378
706, 357
704, 337
703, 325
703, 319
703, 318
702, 315
692, 308
669, 301
608, 291
519, 285
441, 284
395, 284
366, 284
347, 284
334, 284
328, 284
315, 283
293, 281
286, 281
285, 283
282, 296
277, 326
271, 367
269, 425
274, 490
279, 539
281, 588
283, 636
285, 668
289, 691
293, 713
295, 729
296, 736
297, 738
302, 740
316, 740
345, 741
389, 746
463, 753
548, 755
633, 757
695, 759
736, 760
765, 761
774, 762
776, 756
776, 739
775, 700
774, 643
775, 579
776, 526
770, 474
765, 433
760, 394
757, 360
750, 331
748, 318
746, 310
744, 304
743, 301
742, 301
723, 300
663, 297
561, 291
476, 287
421, 283
387, 280
369, 280
353, 280
342, 280
332, 280
324, 280
312, 281
299, 282
286, 283
284, 284
283, 285
282, 291
281, 301
280, 319
280, 354
282, 402
286, 466
289, 521
289, 562
291, 613
295, 659
296, 688
296, 704
296, 711
296, 713
300, 715
323, 721
375, 727
455, 733
550, 736
629, 738
685, 741
725, 742
751, 742
768, 742
777, 741
779, 741
779, 740
783, 729
790, 706
795, 652
795, 571
795, 502
795, 442
790, 389
781, 345
777, 322
774, 305
771, 295
769, 289
769, 288
768, 288
762, 287
737, 286
695, 286
621, 286
520, 281
443, 278
385, 276
344, 273
307, 269
286, 267
284, 267
281, 268
279, 275
279, 296
277, 329
273, 383
276, 464
292, 551
296, 607
297, 658
297, 707
297, 739
297, 749
297, 758
297, 761
301, 762
320, 760
360, 760
426, 761
505, 762
571, 763
617, 765
649, 767
669, 768
689, 769
711, 770
730, 772
741, 772
744, 772
745, 771
748, 771
749, 767
754, 756
760, 732
761, 690
754, 622
738, 534
734, 471
731, 419
728, 382
727, 361
727, 350
727, 343
727, 338
726, 334
725, 331
714, 325
681, 317
642, 314
578, 309
506, 309
438, 309
383, 307
336, 306
308, 306
300, 306
299, 306
297, 307
287, 308
283, 310
282, 312
280, 322
280, 348
284, 389
289, 454
292, 516
292, 569
296, 632
304, 678
306, 702
308, 718
310, 726
312, 731
314, 736
328, 741
362, 743
423, 749
512, 757
607, 758
683, 754
732, 753
747, 754
750, 754
755, 755
759, 755
762, 752
764, 749
770, 739
777, 712
780, 642
781, 555
781, 477
775, 421
766, 371
756, 331
754, 317
751, 307
749, 301
748, 300
745, 300
721, 298
654, 298
575, 300
496, 300
432, 297
388, 295
371, 294
363, 294
352, 294
340, 296
336, 296
329, 297
314, 300
303, 303
301, 304
300, 305
297, 310
297, 330
297, 368
297, 428
297, 502
303, 568
312, 617
317, 647
321, 662
322, 672
324, 683
325, 693
325, 700
326, 709
328, 715
331, 720
343, 723
375, 728
432, 733
513, 736
597, 739
665, 744
710, 750
736, 753
747, 753
757, 753
766, 753
768, 753
769, 751
772, 737
781, 699
786, 634
781, 549
773, 478
764, 419
752, 373
738, 342
732, 322
729, 309
728, 306
721, 305
695, 301
643, 298
584, 298
517, 294
457, 292
403, 287
357, 287
319, 287
290, 288
277, 288
274, 289
273, 292
271, 302
273, 329
277, 373
288, 442
301, 523
311, 579
319, 629
325, 668
328, 690
330, 702
331, 707
331, 708
333, 713
338, 720
354, 728
391, 733
462, 738
546, 739
620, 740
678, 745
716, 748
734, 749
743, 749
747, 749
749, 750
750, 750
753, 748
760, 729
767, 682
773, 606
775, 510
774, 419
768, 353
765, 308
762, 278
761, 267
761, 263
757, 264
740, 269
687, 271
598, 274
503, 272
411, 264
350, 260
315, 258
305, 258
304, 258
304, 259
303, 260
302, 262
298, 268
294, 289
294, 333
300, 416
309, 508
322, 587
336, 649
341, 678
341, 692
341, 700
341, 706
341, 710
344, 715
354, 721
379, 725
428, 731
487, 739
550, 743
620, 747
663, 749
676, 751
681, 752
690, 753
699, 754
706, 755
715, 756
722, 756
724, 756
726, 752
731, 734
736, 689
736, 608
729, 515
716, 434
702, 372
686, 317
678, 281
675, 264
675, 260
674, 260
666, 261
646, 263
609, 267
545, 271
472, 274
421, 274
391, 274
369, 274
343, 273
323, 274
312, 276
304, 279
300, 282
297, 284
292, 292
288, 314
291, 368
300, 449
304, 514
315, 594
323, 659
328, 698
331, 718
332, 724
333, 724
344, 729
378, 733
448, 737
536, 743
623, 752
679, 756
710, 757
723, 755
726, 750
733, 742
738, 727
742, 686
743, 613
738, 524
726, 445
709, 384
698, 341
692, 317
691, 298
690, 291
690, 290
690, 289
679, 288
640, 288
563, 283
467, 278
397, 278
357, 279
341, 280
335, 280
328, 279
315, 280
309, 280
309, 281
307, 292
306, 329
312, 399
322, 483
326, 539
328, 578
330, 611
333, 638
333, 651
334, 660
334, 673
334, 685
334, 693
334, 700
335, 705
336, 711
337, 713
341, 718
366, 723
410, 726
484, 730
571, 732
647, 734
703, 738
735, 739
743, 740
744, 738
746, 729
750, 693
751, 611
738, 515
728, 435
721, 379
716, 338
714, 311
713, 304
711, 303
693, 300
644, 299
554, 298
466, 301
397, 303
352, 301
337, 299
336, 299
331, 300
329, 300
328, 303
323, 320
316, 367
314, 434
314, 508
317, 571
325, 622
329, 649
330, 665
331, 676
333, 683
334, 685
334, 687
340, 691
345, 693
346, 693
350, 697
361, 700
386, 700
443, 700
525, 702
607, 705
670, 706
698, 705
702, 704
703, 705
704, 706
705, 706
706, 704
710, 686
714, 635
714, 546
706, 458
699, 387
693, 339
689, 310
688, 298
688, 295
678, 295
642, 295
547, 293
433, 292
349, 289
298, 286
284, 285
282, 292
280, 322
280, 377
283, 448
283, 496
283, 548
285, 587
288, 611
291, 626
292, 633
292, 634
293, 639
293, 647
295, 653
295, 657
296, 660
297, 663
298, 666
299, 670
300, 675
301, 679
302, 683
303, 687
303, 690
304, 690
309, 691
326, 693
354, 697
392, 701
435, 703
473, 705
501, 706
529, 707
554, 707
579, 706
609, 708
643, 708
677, 708
696, 708
705, 705
708, 700
714, 685
724, 651
733, 587
733, 518
731, 465
725, 422
717, 382
709, 351
706, 339
702, 331
697, 324
682, 316
646, 307
581, 297
503, 290
427, 284
379, 281
350, 281
337, 280
325, 281
310, 282
298, 285
290, 291
285, 311
282, 353
281, 409
280, 468
280, 534
284, 593
286, 634
289, 666
289, 681
289, 688
291, 695
301, 703
326, 708
383, 715
468, 722
549, 725
610, 729
646, 732
672, 732
687, 732
697, 731
702, 727
706, 718
713, 697
718, 661
719, 597
711, 515
698, 438
684, 373
673, 329
666, 310
665, 303
664, 303
662, 302
641, 299
563, 294
453, 287
364, 281
313, 278
298, 278
297, 278
294, 283
293, 296
292, 325
292, 385
294, 466
295, 538
297, 591
299, 631
300, 656
302, 667
305, 673
323, 680
365, 688
447, 702
551, 718
654, 731
723, 733
758, 733
766, 731
766, 730
769, 712
771, 667
763, 596
753, 530
746, 478
734, 422
723, 378
717, 353
714, 340
711, 334
705, 327
682, 320
612, 313
516, 309
411, 303
326, 296
294, 295
291, 295
290, 295
287, 302
283, 324
279, 366
278, 431
284, 513
291, 582
293, 622
295, 644
299, 660
306, 671
322, 678
375, 692
469, 714
582, 733
681, 742
744, 743
768, 743
769, 742
771, 736
779, 713
788, 666
790, 585
782, 502
772, 435
763, 396
753, 365
744, 346
737, 339
715, 329
651, 316
558, 308
451, 307
380, 307
341, 306
328, 308
327, 312
324, 321
318, 335
313, 367
319, 424
324, 470
328, 515
330, 557
330, 591
330, 620
329, 643
328, 657
328, 666
328, 674
328, 682
329, 690
329, 699
331, 708
331, 711
331, 715
331, 719
